5.251642455832578534e-06 1.000000000000000000e+03
1.100281377310897822e-05 1.000000000000000000e+03
nan nan
1.224848870585462613e-04 1.000000000000000000e+03
2.006612974544729269e-04 1.000000000000000000e+03
3.065167547311590840e-04 1.000000000000000000e+03
5.325938626743354377e-04 1.000000000000000000e+03
8.978032494947867787e-04 1.000000000000000000e+03
1.561801488834741814e-03 9.999782988871223779e+02
2.733843857675949049e-03 9.997963770468452367e+02
4.622708173712927401e-03 9.985048577883575263e+02
7.799898041234903934e-03 9.923255348948830488e+02
1.273167665728902609e-02 9.668328464253248740e+02
2.079986770244105984e-02 8.949881414955873424e+02
3.360801495946537376e-02 7.720057365038330772e+02
5.457880905075408740e-02 6.336043086940463809e+02
9.047991680172327855e-02 5.166579546353873411e+02
1.535649902451713955e-01 4.294491020444392007e+02
2.590957649481988589e-01 3.607887532314706505e+02
4.357734744008265326e-01 3.007560427330012089e+02
7.254603309819451784e-01 2.504663380511407809e+02
1.227260210010359121e+00 2.093244491023923217e+02
2.044392812756613331e+00 1.767645117412857587e+02
3.427067565216967093e+00 1.498583348147902257e+02
5.670425546287314766e+00 1.295673401433355423e+02
9.688767656433567410e+00 1.136736114438856902e+02
1.580934726991393902e+01 1.021771229985906473e+02
2.683728558836607903e+01 9.363438254849094733e+01
4.357194752299611196e+01 8.816209283776265693e+01
7.570451592172895516e+01 8.433211799344964277e+01
1.230178001169683455e+02 8.200498300266205831e+01
2.061880321493378574e+02 8.056745675582739352e+01
3.586983412751245623e+02 7.981289845877769551e+01
5.994977915368327785e+02 7.949035975484174799e+01
1.020666700435557914e+03 7.927364940965328799e+01
1.697473414225067927e+03 7.917358762664125038e+01
3.123841148777825310e+03 7.899884315462240636e+01
5.530698214933936470e+03 7.687104136902745211e+01
8.511470029753389099e+03 6.725764452398684057e+01
1.353245479907815388e+04 5.026299103394269707e+01
2.217902918196999235e+04 3.311051146072185247e+01
3.650816912316970411e+04 2.082920546742496271e+01
6.286888264442351647e+04 1.260066759939155112e+01
1.044895788799936854e+05 7.994601708318874955e+00
1.631615488130619051e+05 5.185610669420340990e+00
2.605496013142760785e+05 3.091271424347077801e+00
3.622512316646244144e+05 2.146553070212892766e+00
6.044270033642782364e+05 1.999945127353971452e+00
nan nan
nan nan
