5.012237956175201239e-06 1.000000000000000000e+03
1.055109247008669009e-05 1.000000000000000000e+03
nan nan
1.175282026255144882e-04 1.000000000000000000e+03
1.612005436992426796e-04 1.000000000000000000e+03
2.324681831358753315e-04 1.000000000000000000e+03
3.486301045579532254e-04 1.000000000000000000e+03
5.427193637366011609e-04 1.000000000000000000e+03
8.275613310250170629e-04 1.000000000000000000e+03
1.288864293064310041e-03 9.999971780604133755e+02
2.006530976132893558e-03 9.999797072732555989e+02
3.145465357464899327e-03 9.997582645978694700e+02
4.961807420914694094e-03 9.986960903533945384e+02
7.334443428473083788e-03 9.940380480288022227e+02
1.124956777996810250e-02 9.783809239556912871e+02
1.679095549934377790e-02 9.384271651660410498e+02
2.508668821817830463e-02 8.625195385374051966e+02
3.756244715597541195e-02 7.590168016624024858e+02
5.598832646064021146e-02 6.567063527760867601e+02
8.548108193994655157e-02 5.720371157762101575e+02
1.292831401053903262e-01 5.125584155850846173e+02
1.979232448197875138e-01 4.701930128372039803e+02
3.009160267880006123e-01 4.417616801968127334e+02
4.544343214043645718e-01 4.229075841259013941e+02
7.058746506129617293e-01 4.099093958382770211e+02
1.070670171514476632e+00 4.012634448803746068e+02
1.604057635768739942e+00 3.952656398343651176e+02
2.564182524015833131e+00 3.910685893937567812e+02
3.852129017369015251e+00 3.884479358102609581e+02
5.947303238880241594e+00 3.857283119735531045e+02
9.817519648102512875e+00 3.820668357166767350e+02
1.571258577802871592e+01 3.644252167510194909e+02
2.187761598870057611e+01 3.088123073090214916e+02
3.160077531442497545e+01 2.335730475063174367e+02
4.817206430277490625e+01 1.644062580524515909e+02
7.329570154073317667e+01 1.135685834126451539e+02
1.119500774889861816e+02 7.624632715210452716e+01
1.706086248854883820e+02 5.045885853386061370e+01
2.627909623983425149e+02 3.228723660225836767e+01
3.851294972791358759e+02 2.125527519396735698e+01
5.787022832528003846e+02 1.378612963868783048e+01
8.133972601201087400e+02 9.751830291413210006e+00
1.410872757038975351e+03 5.348892512103676111e+00
2.189577528392796012e+03 3.398965943871759432e+00
3.312624600082327561e+03 2.322292384825907163e+00
4.094608919457813499e+03 1.978043836550251289e+00
nan nan
nan nan
nan nan
nan nan
