5.283747306038635069e-06 1.000000000000000000e+03
1.094967009040047473e-05 1.000000000000000000e+03
nan nan
nan nan
1.806602626991854249e-04 1.000000000000000000e+03
2.688551878918594333e-04 1.000000000000000000e+03
4.194091433624665198e-04 1.000000000000000000e+03
6.919794025949092429e-04 1.000000000000000000e+03
1.112559488451346154e-03 1.000000000000000000e+03
1.833260215430802722e-03 9.999947222222220944e+02
3.060739406822256693e-03 9.998078616750244692e+02
4.925371891968313882e-03 9.986259668046110392e+02
8.044927377272831359e-03 9.923956159007250335e+02
1.237894163137731943e-02 9.689923891851024109e+02
1.942238859646708282e-02 9.085186524076077603e+02
3.016550160249319851e-02 8.015551170616180343e+02
4.701418967255554388e-02 6.755049853227887979e+02
7.456219923661459859e-02 5.628371945037569049e+02
1.189275519261412672e-01 4.748977330104810903e+02
1.922498031671209806e-01 4.067611960590002127e+02
3.072122927098822620e-01 3.535775758327041558e+02
4.929617674965207641e-01 3.083486335124335938e+02
7.874664603285912445e-01 2.714227608525258688e+02
1.249262901388979552e+00 2.430828552396496036e+02
1.981352091706761964e+00 2.222176038062461885e+02
3.168031073259361730e+00 2.074456362607639619e+02
5.116837644613098313e+00 1.971636867205590420e+02
8.080948576490179391e+00 1.903260780586765861e+02
1.276543546399871154e+01 1.858119686529987860e+02
2.082649223560531837e+01 1.828284700059489580e+02
3.171474810609833028e+01 1.808611889848219789e+02
5.413472433608048107e+01 1.795650242366390330e+02
8.670587282108880345e+01 1.787861766963883952e+02
1.578912503419206246e+02 1.773692034489163518e+02
2.463209885176512728e+02 1.719657226300608386e+02
3.779174261589599269e+02 1.501199890813336424e+02
5.680743643330863506e+02 1.151801935365681828e+02
8.901094366873555828e+02 7.890055684778181444e+01
1.430957747377326541e+03 5.166729424030653206e+01
2.288382775980173847e+03 3.360917445502247602e+01
3.739784177075579009e+03 2.114578272257875469e+01
5.807955485632995988e+03 1.343641576484134248e+01
9.056462411711558161e+03 8.583471638805058035e+00
1.366339352316028453e+04 5.578291265970324986e+00
2.236491574914790544e+04 3.167776067203520007e+00
3.245336002990975248e+04 2.011816674319394149e+00
4.132016018209137837e+04 1.729623015873015923e+00
nan nan
nan nan
nan nan
