3.074931864182447461e-06 1.000000000000000000e+03
nan nan
nan nan
9.148443899590976715e-05 1.000000000000000000e+03
1.317100544634478010e-04 1.000000000000000000e+03
1.988248006179291097e-04 1.000000000000000000e+03
2.853861596061986407e-04 1.000000000000000000e+03
4.207604361599151001e-04 1.000000000000000000e+03
6.217393882677167563e-04 1.000000000000000000e+03
9.155175582632128078e-04 9.999982142857143117e+02
1.325979801056270061e-03 9.999905517241379584e+02
1.947165916434925826e-03 9.999325000000001182e+02
3.043949075472394180e-03 9.998879699165566990e+02
4.337579977131381277e-03 9.995787751845798539e+02
6.503841603575914732e-03 9.977345749655612508e+02
9.308274304439796351e-03 9.919186443827268249e+02
1.321984898446172153e-02 9.787333665620092233e+02
1.912766430046211608e-02 9.531205158216935160e+02
2.735272385060709757e-02 9.166212310351429551e+02
3.947893363930306959e-02 8.730463940480716474e+02
5.712435805429477709e-02 8.317205979580309076e+02
8.280731452929367131e-02 7.957949210240889215e+02
1.205306511897566296e-01 7.654228194204541751e+02
1.729054253723398549e-01 7.425992552422850395e+02
2.547572916377416896e-01 7.244461061962035728e+02
3.737782197156513386e-01 7.101407388421700944e+02
5.505674043810955265e-01 6.977816782373017759e+02
8.353176793208811901e-01 6.827224040507331893e+02
1.243535509028857344e+00 6.496463566882794112e+02
1.754835675537368855e+00 5.700888466416245137e+02
2.393922408199468777e+00 4.781191845733926016e+02
3.629959979518644353e+00 3.616454468872387338e+02
5.068934868836320717e+00 2.751333930748104990e+02
7.522829831817814394e+00 1.950199582908408900e+02
1.074770897350379428e+01 1.390687322471054017e+02
1.565448840923617091e+01 9.613400589298733223e+01
2.307459222726998860e+01 6.388753426212942799e+01
3.251395053256958079e+01 4.338063728280040721e+01
4.561052935599068547e+01 2.994494968530603529e+01
6.715642361574604990e+01 1.974007574809324339e+01
9.791898823602377888e+01 1.346315894771245247e+01
1.500475435283204035e+02 8.573545977620304015e+00
2.173930083927812973e+02 5.906431206427823710e+00
3.212887120971273021e+02 3.893014756187864744e+00
4.647926972169287865e+02 2.699549036121670298e+00
6.475781171831251868e+02 2.070816616687099820e+00
7.649213575453475187e+02 1.938892053605606902e+00
nan nan
nan nan
nan nan
