1	0.0	0.9999999996374227	1.6378300418836949	6.0
2	0.0	1.0999999996833498	1.9817700036537895	9.1
1	0.0008038111431572362	0.9999994307804592	1.6378973129856091	6.0
2	0.0008038111431572362	1.0999994924617191	1.9817758858062846	9.1
1	0.07091169558695473	1.0000484894614605	1.6433294671540322	6.0
2	0.07091169558695473	1.0999690344781619	1.9823424451434297	9.1
1	0.09847322207385883	1.000114897415837	1.6452580505286702	6.0
2	0.09847322207385883	1.0999642547502173	1.9825877068994788	9.1
1	0.12927789874069137	1.0002157366449071	1.6472973283495358	6.0
2	0.12927789874069137	1.0999634540938943	1.9828721986995594	9.1
1	0.16003941436283747	1.00034143545663	1.6492249864353596	6.0
2	0.16003941436283747	1.0999672272069563	1.9831645224758465	9.1
1	0.19177652717396493	1.0004943437743898	1.6511131624198887	6.0
2	0.19177652717396493	1.0999756693221976	1.9834722797919788	9.1
1	0.2242421439746395	1.0006723618599291	1.6529514857838985	6.0
2	0.2242421439746395	1.0999888250938503	1.983791418338177	9.1
1	0.2575603349945045	1.0008750941065245	1.6547519991362603	6.0
2	0.2575603349945045	1.1000067972836296	1.9841215830678571	9.1
1	0.2917501996280866	1.0011016924436678	1.6565202369641783	6.0
2	0.2917501996280866	1.100029647264904	1.9844615340576373	9.1
1	0.3268658313691867	1.001351586836747	1.6582633137581941	6.0
2	0.3268658313691867	1.1000574457871952	1.9848105059810186	9.1
1	0.36295562869442444	1.0016242470463814	1.6599876876814519	6.0
2	0.36295562869442444	1.1000902544880964	1.985167799184719	9.1
1	0.40007481034955444	1.0019192627216045	1.6616998227740343	6.0
2	0.40007481034955444	1.1001281350903962	1.985532896394393	9.1
1	0.4382822915717052	1.0022363215759098	1.6634060348137125	6.0
2	0.4382822915717052	1.1001711485300205	1.9859054242153003	9.1
1	0.4776422840564744	1.0025752210497758	1.6651125722024198	6.0
2	0.4776422840564744	1.1002193578265393	1.9862851614482684	9.1
1	0.5182245981864616	1.0029358705457443	1.6668256332463265	6.0
2	0.5182245981864616	1.100272829896424	1.9866720344628908	9.1
1	0.5601054591605515	1.0033182980054716	1.6685514060808615	6.0
2	0.5601054591605515	1.100331637993054	1.9870661174821294	9.1
1	0.6033683294221323	1.0037226568504758	1.670296107622111	6.0
2	0.6033683294221323	1.1003958642785967	1.9874676327410767	9.1
1	0.6481049245058942	1.0041492349096781	1.672066029644058	6.0
2	0.6481049245058942	1.10046560277016	1.9878769522764448	9.1
1	0.6944164166371036	1.0045984653632771	1.6738675914522017	6.0
2	0.6944164166371036	1.1005409626895002	1.9882946012136598	9.1
1	0.7424148977926883	1.005070940434883	1.6757074018393636	6.0
2	0.7424148977926883	1.1006220723560531	1.9887212631344489	9.1
1	0.7922251689456412	1.0055674285470688	1.6775923326986497	6.0
2	0.7922251689456412	1.1007090837702507	1.9891577880293068	9.1
1	0.8439869715310756	1.0060888961583176	1.6795296085053157	6.0
2	0.8439869715310756	1.1008021781286128	1.9896052037477208	9.1
1	0.8978578089653381	1.0066365358488691	1.6815269169754923	6.0
2	0.8978578089653381	1.1009015725871578	1.9900647320873075	9.1
1	0.954016588279522	1.0072118030840262	1.6835925491918589	6.0
2	0.954016588279522	1.1010075287595968	1.9905378113133596	9.1
1	1.012668432748323	1.0078164653618062	1.6857355818199884	6.0
2	1.012668432748323	1.101120363693643	1.9910261278374581	9.1
1	1.0740512101103319	1.0084526695017744	1.6879661209878916	6.0
2	1.0740512101103319	1.1012404644815903	1.9915316612820648	9.1
1	1.138444674324602	1.0091230365643935	1.6902956400929285	6.0
2	1.138444674324602	1.1013683084096433	1.9920567499029462	9.1
1	1.2061837491478506	1.0098308005546146	1.6927374664180506	6.0
2	1.2061837491478506	1.1015044918893528	1.9926041882257692	9.1
1	1.2776787118984851	1.0105800200653876	1.6953075155759143	6.0
2	1.2776787118984851	1.1016497740243496	1.9931773782912696	9.1
1	1.3534475642871944	1.0113759187471214	1.698025463496185	6.0
2	1.3534475642871944	1.1018051460323361	1.99378057550027	9.1
1	1.4341715794404675	1.0122254707701175	1.7009167501686209	6.0
2	1.4341715794404675	1.1019719498421126	1.994419314247554	9.1
1	1.5207993538126274	1.0131384990419516	1.704016323492904	6.0
2	1.5207993538126274	1.1021520996097003	1.9951012096757963	9.1
1	1.61476657871348	1.0141299967626367	1.7073765330681814	6.0
2	1.61476657871348	1.102348548753632	1.9958376565352298	9.1
1	1.7185506720334227	1.015225989099619	1.7110870286784612	6.0
2	1.7185506720334227	1.1025664673454247	1.9966481237514317	9.1
1	1.8315847291285015	1.0164203535453693	1.7151287917986722	6.0
2	1.8315847291285015	1.1028046403429186	1.9975283209855388	9.1
1	1.9489995616914082	1.0176614441527587	1.7193289949664259	6.0
2	1.9489995616914082	1.1030527065392588	1.9984407319846338	9.1
1	2.0730262202831424	1.0189726520917732	1.7237686138774864	6.0
2	2.0730262202831424	1.103315262953277	1.999403156144088	9.1
1	2.2032636668014156	1.020349581115241	1.7284344303787367	6.0
2	2.2032636668014156	1.1035913741366048	2.0004128663850684	9.1
1	2.3219399216571843	1.0216042214694807	1.732689909223413	6.0
2	2.3219399216571843	1.1038432342653883	2.001332510697988	9.1
1	2.4388604015636663	1.0228401778828906	1.736886244477115	6.0
2	2.4388604015636663	1.1040915454873945	2.0022383841523594	9.1
1	2.5538477581463823	1.0240555400548512	1.741017028029438	6.0
2	2.5538477581463823	1.1043358818770577	2.0031292753719674	9.1
1	2.6680106438771327	1.0252620047335221	1.7451220362561002	6.0
2	2.6680106438771327	1.1045785671152275	2.004013879871144	9.1
1	2.7816165578924923	1.0264623843005185	1.7492108737459433	6.0
2	2.7816165578924923	1.1048201494366898	2.004894341892524	9.1
1	2.8949307734471064	1.0276594718774077	1.7532930808483336	6.0
2	2.8949307734471064	1.1050611793273655	2.005772766871734	9.1
1	3.008088777657653	1.0288546918504955	1.7573735387555707	6.0
2	3.008088777657653	1.1053019358752243	2.0066502402219344	9.1
1	3.121186726408561	1.0300490548644847	1.7614557183275188	6.0
2	3.121186726408561	1.1055426175482637	2.007527532814134	9.1
1	3.234285000326141	1.0312431948637686	1.7655418047883298	6.0
2	3.234285000326141	1.1057833487667459	2.008405131478343	9.1
1	3.347424448137468	1.0324375403264512	1.7696332811569446	6.0
2	3.347424448137468	1.1060242138042902	2.0092833669303083	9.1
1	3.4606322155303166	1.0336323755922592	1.7737311372242641	6.0
2	3.4606322155303166	1.1062652687491552	2.0101624603422015	9.1
1	3.573926693359705	1.0348278929546484	1.7778360473942563	6.0
2	3.573926693359705	1.1065065517337125	2.0110425626800583	9.1
1	3.687320348297908	1.0360242224373286	1.7819484724418442	6.0
2	3.687320348297908	1.1067480887520915	2.011923777334972	9.1
1	3.8008216920832583	1.0372214525063885	1.7860687303903213	6.0
2	3.8008216920832583	1.106989897708821	2.012806175876874	9.1
1	3.9144365622335986	1.0384196435350155	1.7901970426445926	6.0
2	3.9144365622335986	1.107231991045927	2.0136898083282926	9.1
1	4.028168980193755	1.0396188368227515	1.7943335649315295	6.0
2	4.028168980193755	1.1074743775008913	2.0145747100617433	9.1
1	4.142021733726943	1.0408190607147858	1.7984784083188878	6.0
2	4.142021733726943	1.107717063298623	2.0154609064882023	9.1
1	4.2559967662416	1.0420203346912633	1.802631653278549	6.0
2	4.2559967662416	1.107960052947002	2.0163484161981255	9.1
1	4.370095440487012	1.0432226721361988	1.806793359220139	6.0
2	4.370095440487012	1.108203349775102	2.0172372530925795	9.1
1	4.484318727948299	1.0444260823260227	1.8109635713476904	6.0
2	4.484318727948299	1.108446956320325	2.018127427913305	9.1
1	4.598667322511311	1.045630571622031	1.8151423247746585	6.0
2	4.598667322511311	1.1086908745591564	2.0190189491669788	9.1
1	4.7131417358491285	1.046836144471628	1.8193296479852386	6.0
2	4.7131417358491285	1.1089351061025001	2.0199118238958333	9.1
1	4.82774234312063	1.0480428038871101	1.8235255644896153	6.0
2	4.82774234312063	1.1091796522875157	2.020806058053056	9.1
1	4.942469438348786	1.0492505520270594	1.8277300948396216	6.0
2	4.942469438348786	1.1094245142918413	2.0217016569481636	9.1
1	5.057323244735364	1.050459390303686	1.831943256999311	6.0
2	5.057323244735364	1.109669693152876	2.022598625336916	9.1
1	5.172303949938906	1.051669319753323	1.8361650676327792	6.0
2	5.172303949938906	1.1099151898411785	2.0234969677033323	9.1
1	5.287411707635956	1.0528803410522143	1.8403955421582476	6.0
2	5.287411707635956	1.1101610052624948	2.0243966882765925	9.1
1	5.4026466518107235	1.0540924546664583	1.8446346952700112	6.0
2	5.4026466518107235	1.1104071402873632	2.0252977911459698	9.1
1	5.518008905188282	1.0553056609403926	1.8488825412469723	6.0
2	5.518008905188282	1.1106535957685109	2.0262002803291432	9.1
1	5.633498573529497	1.056519960036377	1.8531390937411552	6.0
2	5.633498573529497	1.1109003725282451	2.02710415972925	9.1
1	5.749115762826969	1.057735352115468	1.8574043664099615	6.0
2	5.749115762826969	1.1111474713949094	2.0280094332706433	9.1
1	5.864860568451402	1.0589518372231665	1.8616783725155515	6.0
2	5.864860568451402	1.1113948931795097	2.0289161048148716	9.1
1	5.980733087990333	1.0601694154242907	1.865961125397906	6.0
2	5.980733087990333	1.1116426387030363	2.029824178261885	9.1
1	6.09673341191973	1.0613880867048535	1.8702526381299935	6.0
2	6.09673341191973	1.111890708776454	2.0307336574775023	9.1
1	6.212861630125973	1.0626078510405568	1.8745529237581344	6.0
2	6.212861630125973	1.1121391042146067	2.0316445463449115	9.1
1	6.329117834025757	1.0638287084189921	1.8788619953804353	6.0
2	6.329117834025757	1.11238782584074	2.0325568487816703	9.1
1	6.44550210836288	1.0650506587534527	1.88317986584246	6.0
2	6.44550210836288	1.1126368744689548	2.0334705686756296	9.1
1	6.562014541815016	1.066273701994288	1.8875065481299969	6.0
2	6.562014541815016	1.1128862509269102	2.034385709968416	9.1
1	6.678655221493443	1.0674978380711024	1.8918420551650441	6.0
2	6.678655221493443	1.11313595604408	2.035302276612518	9.1
1	6.795424233905146	1.0687230669028296	1.8961863998411799	6.0
2	6.795424233905146	1.1133859906538373	2.0362202725790484	9.1
1	6.912321667278403	1.0699493884220985	1.9005395951099169	6.0
2	6.912321667278403	1.113636355598465	2.037139701876243	9.1
1	7.0293476048691454	1.071176802504985	1.9049016537311967	6.0
2	7.0293476048691454	1.113887051714855	2.038060568497015	9.1
1	7.146502135050453	1.072405309076823	1.909272588648934	6.0
2	7.146502135050453	1.114138079856153	2.0389828764985127	9.1
1	7.263785338973913	1.0736349079827738	1.9136524125307195	6.0
2	7.263785338973913	1.114389440865363	2.039906629905206	9.1
1	7.38119730622542	1.0748655991519582	1.9180411383518254	6.0
2	7.38119730622542	1.1146411356089319	2.040831832832345	9.1
1	7.498738118182003	1.076097382422938	1.9224387787734958	6.0
2	7.498738118182003	1.1148931649411216	2.0417584893550718	9.1
1	7.616407862721184	1.077330257697877	1.9268453466924056	6.0
2	7.616407862721184	1.11514552973558	2.042686603624508	9.1
1	7.734206622322921	1.078564224817816	1.9312608547953938	6.0
2	7.734206622322921	1.1153982308598707	2.0436161797741614	9.1
1	7.852134481875167	1.079799283644443	1.9356853158512948	6.0
2	7.852134481875167	1.1156512691922535	2.0445472219816603	9.1
1	7.970191526137125	1.0810354340334765	1.9401187426158326	6.0
2	7.970191526137125	1.1159046456162869	2.045479734448954	9.1
1	8.088377839052107	1.082272675827443	1.9445611478055393	6.0
2	8.088377839052107	1.116158361019395	2.046413721397079	9.1
1	8.20669350541312	1.0835110088730877	1.9490125441600827	6.0
2	8.20669350541312	1.1164124162964861	2.0473491870795173	9.1
1	8.32513860860581	1.0847504329977173	1.9534729443571555	6.0
2	8.32513860860581	1.1166668123451506	2.048286135764554	9.1
1	8.443713231684708	1.0859909480204428	1.9579423610525886	6.0
2	8.443713231684708	1.1169215500680132	2.049224571743976	9.1
1	8.562417457864319	1.0872325537572889	1.9624208068986009	6.0
2	8.562417457864319	1.1171766303738322	2.05016449933716	9.1
1	8.681251372886608	1.0884752500459143	1.9669082946330398	6.0
2	8.681251372886608	1.117432054182634	2.051105922910044	9.1
1	8.800215056443076	1.0897190366558784	1.9714048367552153	6.0
2	8.800215056443076	1.1176878224073206	2.0520488468073785	9.1
1	8.91930859361275	1.0909639134082243	1.9759104459575352	6.0
2	8.91930859361275	1.1179439359783	2.052993275443545	9.1
1	9.03853206667379	1.0922098800898203	1.9804251348159927	6.0
2	9.03853206667379	1.1182003958259308	2.053939213237894	9.1
1	9.157885557468376	1.0934569364780664	1.9849489158791127	6.0
2	9.157885557468376	1.1184572028856485	2.0548866646336794	9.1
1	9.27736914958221	1.0947050823636297	1.9894818017503577	6.0
2	9.27736914958221	1.118714358102705	2.05583563411558	9.1
1	9.396982923984588	1.0959543175048634	1.9940238049225536	6.0
2	9.396982923984588	1.118971862422831	2.056786126175303	9.1
1	9.516726963289916	1.0972046416722936	1.998574937939231	6.0
2	9.516726963289916	1.1192297168014562	2.057738145345636	9.1
1	9.636601349377418	1.0984560546237216	2.003135213304069	6.0
2	9.636601349377418	1.1194879221986325	2.0586916961817674	9.1
1	9.756606163089188	1.099708556101047	2.007704643469013	6.0
2	9.756606163089188	1.1197464795784307	2.059646783259091	9.1
1	9.876741487116817	1.1009621458603627	2.012283240943908	6.0
2	9.876741487116817	1.1200053899152083	2.0606034111964013	9.1
1	9.997007401717958	1.1022168236272176	2.016871018133087	6.0
2	9.997007401717958	1.1202646541844283	2.0615615846220274	9.1
1	10.117403988702181	1.1034725891381778	2.0214679874869477	6.0
2	10.117403988702181	1.1205242733712986	2.0625213082057923	9.1
1	10.237931326836874	1.1047294420928713	2.02607416132631	6.0
2	10.237931326836874	1.1207842484609154	2.0634825866226265	9.1
1	10.358589500044484	1.1059873822394406	2.030689552155322	6.0
2	10.358589500044484	1.1210445804559934	2.064445424618171	9.1
1	10.479378587000411	1.1072464092660335	2.035314172263653	6.0
2	10.479378587000411	1.1213052703544801	2.0654098269260466	9.1
1	10.600298667532286	1.1085065228675077	2.0399480339706493	6.0
2	10.600298667532286	1.121566319163407	2.0663757983191173	9.1
1	10.7213498205155	1.1097677227234575	2.044591149544508	6.0
2	10.7213498205155	1.1218277278944007	2.0673433435929285	9.1
1	10.84253212819325	1.1110300085431817	2.0492435313677673	6.0
2	10.84253212819325	1.1220894975730649	2.0683124676004883	9.1
1	10.96384566964761	1.1122933799976227	2.05390519168662	6.0
2	10.96384566964761	1.1223516292249343	2.0692831752003293	9.1
1	11.085290522297539	1.1135578367349608	2.0585761426677243	6.0
2	11.085290522297539	1.1226141238787566	2.0702554712686854	9.1
1	11.20686676733968	1.1148233784372246	2.063256396607179	6.0
2	11.20686676733968	1.1228769825783054	2.071229360743296	9.1
1	11.328574481887	1.1160900047384044	2.0679459656278527	6.0
2	11.328574481887	1.1231402063654419	2.0722048485607205	9.1
1	11.450413746534089	1.1173577153031675	2.0726448619702826	6.0
2	11.450413746534089	1.123403796296526	2.0731819397171845	9.1
1	11.572384638692096	1.1186265097574537	2.0773530977355974	6.0
2	11.572384638692096	1.1236677534280568	2.0741606392154206	9.1
1	11.694487238958398	1.119896387754711	2.082070685130878	6.0
2	11.694487238958398	1.1239320788305083	2.0751409521160094	9.1
1	11.81672162047998	1.1211673488652343	2.0867976360579066	6.0
2	11.81672162047998	1.1241967735653597	2.0761228834522423	9.1
1	11.93908786526958	1.1224393927458063	2.0915339627433847	6.0
2	11.93908786526958	1.1244618387204754	2.077106438361398	9.1
1	12.061586050012824	1.1237125189920634	2.0962796771900885	6.0
2	12.061586050012824	1.1247272753794335	2.0780916219710353	9.1
1	12.184216250013971	1.1249867271795118	2.1010347913287024	6.0
2	12.184216250013971	1.124993084630119	2.0790784394308988	9.1
1	12.306978542755472	1.1262620169004762	2.1057993171554856	6.0
2	12.306978542755472	1.125259267572497	2.080066895941825	9.1
1	12.4298730069896	1.1275383877546006	2.110573266697041	6.0
2	12.4298730069896	1.125525825316707	2.08105699674875	9.1
1	12.552899718252071	1.1288158393022107	2.115356651835711	6.0
2	12.552899718252071	1.1257927589733923	2.082048747104835	9.1
1	12.676058751505414	1.1300943710917501	2.120149484411618	6.0
2	12.676058751505414	1.126060069659485	2.083042152292998	9.1
1	12.799350186252	1.131373982712804	2.12495177642149	6.0
2	12.799350186252	1.1263277585093678	2.0840372176674604	9.1
1	12.922774095185233	1.1326546736782572	2.1297635395764947	6.0
2	12.922774095185233	1.1265958266502991	2.085033948562461	9.1
1	13.04633055472072	1.1339364435335695	2.1345847857118416	6.0
2	13.04633055472072	1.126864275225332	2.086032350377504	9.1
1	13.170019641009477	1.1352192918153432	2.139415526631331	6.0
2	13.170019641009477	1.1271331053847247	2.0870324285454878	9.1
1	13.293841428190156	1.1365032180331616	2.1442557740386237	6.0
2	13.293841428190156	1.127402318282201	2.088034188518852	9.1
1	13.417795992700505	1.1377882217142588	2.1491055397053196	6.0
2	13.417795992700505	1.1276719150843841	2.089037635804732	9.1
1	13.541883407624105	1.1390743023448628	2.1539648352495417	6.0
2	13.541883407624105	1.1279418969585664	2.090042775919505	9.1
1	13.666103746593025	1.1403614594106248	2.158833672288042	6.0
2	13.666103746593025	1.128212265081257	2.0910496144206503	9.1
1	13.790457084925325	1.1416496924083495	2.1637120624806006	6.0
2	13.790457084925325	1.1284830206407248	2.0920581569162917	9.1
1	13.914943495397162	1.1429390008021447	2.16860001736389	6.0
2	13.914943495397162	1.1287541648278598	2.093068409031225	9.1
1	14.039563053195591	1.1442293840746856	2.1734975485454133	6.0
2	14.039563053195591	1.129025698847023	2.094080376447392	9.1
1	14.164315830753049	1.1455208416736693	2.1784046675002977	6.0
2	14.164315830753049	1.1292976239048604	2.0950940648622676	9.1
1	14.289201899186482	1.1468133730266947	2.18332138562714	6.0
2	14.289201899186482	1.1295699412134972	2.096109480000808	9.1
1	14.414221334412447	1.1481069776044983	2.188247714488485	6.0
2	14.414221334412447	1.1298426520039417	2.097126627665502	9.1
1	14.539374205225002	1.1494016547975296	2.193183665340894	6.0
2	14.539374205225002	1.1301157575001526	2.0981455136397216	9.1
1	14.66466058574063	1.1506974040446842	2.198129249624805	6.0
2	14.66466058574063	1.1303892589462503	2.0991661437892755	9.1
1	14.7900805485524	1.1519942247624133	2.203084478694498	6.0
2	14.7900805485524	1.130663157591655	2.100188524007051	9.1
1	14.915634163265024	1.153292116329551	2.2080493637594993	6.0
2	14.915634163265024	1.1309374546879496	2.1012126602013486	9.1
1	15.041321502635487	1.1545910781507567	2.2130239161268306	6.0
2	15.041321502635487	1.1312121515023605	2.102238558346273	9.1
1	15.167142638828084	1.1558911096177358	2.218008147052759	6.0
2	15.167142638828084	1.1314872493096533	2.1032662244515548	9.1
1	15.293097638708891	1.1571922100605943	2.2230020675556603	6.0
2	15.293097638708891	1.131762749381907	2.1042956645244004	9.1
1	15.419186575018205	1.158494378863222	2.2280056888582602	6.0
2	15.419186575018205	1.1320386530130155	2.105326884661096	9.1
1	15.545409518749944	1.159797615384496	2.2330190220854576	6.0
2	15.545409518749944	1.1323149615021022	2.1063598909851238	9.1
1	15.67176653841042	1.1611019189505987	2.238042078234144	6.0
2	15.67176653841042	1.1325916761519614	2.1073946896413878	9.1
1	15.798257702631856	1.1624072888819648	2.2430748682764032	6.0
2	15.798257702631856	1.1328687982748495	2.1084312868179254	9.1
1	15.92488307964772	1.1637137244878146	2.248117403138225	6.0
2	15.92488307964772	1.1331463291914097	2.109469688741958	9.1
1	16.051642742865717	1.1650212251235819	2.2531696939212496	6.0
2	16.051642742865717	1.133424270242969	2.1105099017259876	9.1
1	16.1785367559385	1.166329790036859	2.2582317513074357	6.0
2	16.1785367559385	1.1337026227588831	2.111551932045665	9.1
1	16.305565189481477	1.1676394185398002	2.2633035862247284	6.0
2	16.305565189481477	1.133981388093263	2.1125957860773044	9.1
1	16.432728111184172	1.1689501099070672	2.2683852094525108	6.0
2	16.432728111184172	1.1342605676033712	2.113641470217105	9.1
1	16.56002558706546	1.1702618633887432	2.2734766316708983	6.0
2	16.56002558706546	1.134540162652445	2.1146889908917736	9.1
1	16.687457685801892	1.1715746782548835	2.2785778636333633	6.0
2	16.687457685801892	1.1348201746192792	2.1157383545945034	9.1
1	16.81502447524608	1.172888553759571	2.2836889160272085	6.0
2	16.81502447524608	1.1351006048906653	2.1167895678567334	9.1
1	16.942726019668417	1.17420348911247	2.288809799362332	6.0
2	16.942726019668417	1.1353814548554	2.1178426372257513	9.1
1	17.070562386848906	1.1755194835518121	2.2939405242549182	6.0
2	17.070562386848906	1.1356627259199568	2.1188975693235195	9.1
1	17.19853364214589	1.1768365362832567	2.2990811011892416	6.0
2	17.19853364214589	1.1359444194955268	2.119954370798169	9.1
1	17.32663985082449	1.1781546465038177	2.3042315406104485	6.0
2	17.32663985082449	1.1362265370032185	2.121013048343573	9.1
1	17.45488107656669	1.179473813386482	2.3093918528641106	6.0
2	17.45488107656669	1.1365090798708581	2.1220736086874137	9.1
1	17.58325738774945	1.1807940361447251	2.314562048448441	6.0
2	17.58325738774945	1.136792049546908	2.123136058643513	9.1
1	17.711768846481714	1.1821153139196896	2.319742137572555	6.0
2	17.711768846481714	1.1370754474763938	2.1242004050215497	9.1
1	17.8404155171176	1.1834376458676992	2.324932130498512	6.0
2	17.8404155171176	1.137359275119746	2.1252666546978665	9.1
1	17.969197462846697	1.1847610311251335	2.3301320374034966	6.0
2	17.969197462846697	1.1376435339453712	2.1263348145876564	9.1
1	18.098114749112288	1.1860854688434948	2.3353418685173355	6.0
2	18.098114749112288	1.1379282254372827	2.12740489167373	9.1
1	18.227167437410454	1.1874109581256334	2.340561633871493	6.0
2	18.227167437410454	1.138213351081499	2.1284768929554776	9.1
1	18.356355589239755	1.188737498066288	2.3457913434578583	6.0
2	18.356355589239755	1.1384989123748444	2.129550825482019	9.1
1	18.485679269427823	1.1900650877861667	2.351031007363091	6.0
2	18.485679269427823	1.1387849108323993	2.1306266963803155	9.1
1	18.615138537982002	1.1913937263482122	2.356280635438098	6.0
2	18.615138537982002	1.139071347969572	2.1317045127878393	9.1
1	18.744733457811297	1.1927234128368196	2.3615402376102295	6.0
2	18.744733457811297	1.1393582253192645	2.132784281917219	9.1
1	18.874464087957456	1.194054146288308	2.366809823608205	6.0
2	18.874464087957456	1.1396455444169846	2.133866011000312	9.1
1	19.00433049198365	1.1953859257769202	2.372089403302113	6.0
2	19.00433049198365	1.139933306819513	2.134949707358558	9.1
1	19.134332727638633	1.196718750308741	2.3773789862829453	6.0
2	19.134332727638633	1.1402215140821015	2.1360353783172243	9.1
1	19.264470858170196	1.1980526189376532	2.3826785823219856	6.0
2	19.264470858170196	1.1405101677836378	2.1371230313002636	9.1
1	19.394744940242386	1.1993875306413975	2.387988200878559	6.0
2	19.394744940242386	1.140799269499952	2.138212673729852	9.1
1	19.52515503440382	1.200723484428819	2.393307851525566	6.0
2	19.52515503440382	1.141088820827126	2.139304313114303	9.1
1	19.655701199146833	1.2020604792789094	2.3986375437069696	6.0
2	19.655701199146833	1.1413788233684123	2.1403979569988723	9.1
1	19.786383491332842	1.203398514145118	2.403977286754286	6.0
2	19.786383491332842	1.141669278735269	2.141493612969734	9.1
1	19.917201973892134	1.2047375880341091	2.4093270902007684	6.0
2	19.917201973892134	1.1419601885645756	2.1425912887190384	9.1
1	20.048156699116866	1.2060776998346598	2.4146869630978065	6.0
2	20.048156699116866	1.1422515544815903	2.1436909919052436	9.1
1	20.17924772667209	1.2074188485019732	2.42005691475064	6.0
2	20.17924772667209	1.1425433781400935	2.144792730304679	9.1
1	20.310475114263163	1.2087610329620635	2.4254369543362855	6.0
2	20.310475114263163	1.1428356612017427	2.145896511733759	9.1
1	20.441838915665986	1.2101042520915704	2.4308270908217704	6.0
2	20.441838915665986	1.143128405331775	2.147002344032824	9.1
1	20.573339188130042	1.2114485047934047	2.436227333267024	6.0
2	20.573339188130042	1.1434216122155991	2.1481102351289083	9.1
1	20.704975986495352	1.212793789936511	2.441637690582993	6.0
2	20.704975986495352	1.143715283545795	2.149220192986739	9.1
1	20.83674936853992	1.214140106410451	2.447058171750697	6.0
2	20.83674936853992	1.1440094210341465	2.150332225654315	9.1
1	20.968659382953422	1.2154874530024629	2.452488785325819	6.0
2	20.968659382953422	1.1443040263848996	2.1514463411619094	9.1
1	21.10070609055377	1.2168358286141319	2.4579295403111026	6.0
2	21.10070609055377	1.144599101342241	2.152562547701697	9.1
1	21.23288953977164	1.2181852320109081	2.463380445146446	6.0
2	21.23288953977164	1.144894647635655	2.1536808534212164	9.1
1	21.36520978723863	1.2195356620322892	2.4688415085562263	6.0
2	21.36520978723863	1.1451906670260286	2.154801266597868	9.1
1	21.497666886282403	1.2208871174742575	2.4743127390746715	6.0
2	21.497666886282403	1.1454871612800568	2.1559237955422073	9.1
1	21.630260886583272	1.2222395970857434	2.4797941450304632	6.0
2	21.630260886583272	1.145784132169565	2.1570484485954573	9.1
1	21.762991841427542	1.2235930996425488	2.4852857348457076	6.0
2	21.762991841427542	1.1460815814878607	2.158175234191529	9.1
1	21.895859801769944	1.224947623886692	2.490787516789946	6.0
2	21.895859801769944	1.1463795110365544	2.1593041608072383	9.1
1	22.028864819755505	1.226303168562245	2.4962994991251257	6.0
2	22.028864819755505	1.1466779226335666	2.160435236992748	9.1
1	22.162006946515497	1.2276597323927791	2.5018216900136956	6.0
2	22.162006946515497	1.146976818108303	2.161568471353413	9.1
1	22.29528622962032	1.2290173140553529	2.507354097412003	6.0
2	22.29528622962032	1.1472761992960459	2.162703872528606	9.1
1	22.4287027212562	1.230375912263729	2.512896729408851	6.0
2	22.4287027212562	1.1475760680564329	2.1638414492619167	9.1
1	22.562256469823456	1.231735525682702	2.5184495938761415	6.0
2	22.562256469823456	1.1478764262547103	2.164981210330178	9.1
1	22.695947523692418	1.233096152966284	2.5240126986239066	6.0
2	22.695947523692418	1.1481772757702844	2.166123164576012	9.1
1	22.829775927317566	1.2344577927180858	2.529586051237723	6.0
2	22.829775927317566	1.1484786184880933	2.1672673208751903	9.1
1	22.963741733225408	1.235820443613202	2.5351696595772033	6.0
2	22.963741733225408	1.1487804563257233	2.1684136882397147	9.1
1	23.097844988363168	1.237184104259208	2.5407635312069896	6.0
2	23.097844988363168	1.1490827912028057	2.169562275701768	9.1
1	23.232085738753852	1.2385487732434632	2.5463676735895158	6.0
2	23.232085738753852	1.1493856250516101	2.1707130923540383	9.1
1	23.36646402860094	1.2399144491239362	2.551982094046712	6.0
2	23.36646402860094	1.1496889598151467	2.1718661473426213	9.1
1	23.500979905526464	1.241281130482348	2.55760679997809	6.0
2	23.500979905526464	1.1499927974591178	2.1730214499125875	9.1
1	23.635633415111393	1.2426488158685818	2.5632417986320215	6.0
2	23.635633415111393	1.1502971399597315	2.174179009361798	9.1
1	23.77042459999303	1.2440175037914547	2.5688870970668374	6.0
2	23.77042459999303	1.150601989301778	2.1753388350336995	9.1
1	23.905353507017594	1.2453871927912599	2.574542702449508	6.0
2	23.905353507017594	1.150907347494935	2.176500936379486	9.1
1	24.04042017706073	1.2467578813363192	2.580208621628406	6.0
2	24.04042017706073	1.1512132165508746	2.177665322871131	9.1
1	24.17562465476227	1.2481295679217201	2.585884861540394	6.0
2	24.17562465476227	1.1515195985054245	2.1788320040858493	9.1
1	24.31096698169267	1.249502250999863	2.5915714289234533	6.0
2	24.31096698169267	1.1518264954032325	2.180000989647872	9.1
1	24.446447201173964	1.2508759290292795	2.5972683305181854	6.0
2	24.446447201173964	1.1521339093088276	2.1811722892706986	9.1
1	24.582065353899356	1.2522506004301104	2.6029755728829076	6.0
2	24.582065353899356	1.152441842296825	2.1823459127199287	9.1
1	24.717821480062792	1.253626263605619	2.6086931624821403	6.0
2	24.717821480062792	1.1527502964568892	2.1835218698323033	9.1
1	24.853715622063078	1.2550029169694847	2.614421105799746	6.0
2	24.853715622063078	1.1530592739000256	2.1847001705398403	9.1
1	24.98974781751631	1.2563805588749095	2.6201594090436053	6.0
2	24.98974781751631	1.1533687767428393	2.185880824809961	9.1
1	25.12591810737056	1.2577591876967278	2.6259080784867117	6.0
2	25.12591810737056	1.153678807126128	2.187063842716533	9.1
1	25.2622265327535	1.259138801799348	2.6316671203336517	6.0
2	25.2622265327535	1.1539893672078707	2.188249234413315	9.1
1	25.39867312648378	1.260519399450764	2.63743654036073	6.0
2	25.39867312648378	1.1543004591440218	2.1894370100607565	9.1
1	25.535257929694534	1.2619009789906974	2.6432163446174646	6.0
2	25.535257929694534	1.1546120851265356	2.1906271799713095	9.1
1	25.671980977802715	1.2632835386885015	2.649006538832682	6.0
2	25.671980977802715	1.154924247351542	2.1918197544880895	9.1
1	25.808842307185245	1.2646670768106163	2.6548071286957686	6.0
2	25.808842307185245	1.1552369480347144	2.193014744043702	9.1
1	25.945841955865266	1.2660515916273754	2.6606181198850716	6.0
2	25.945841955865266	1.1555501894130042	2.194212159167049	9.1
1	26.082979956579337	1.2674370813428357	2.66643951777288	6.0
2	26.082979956579337	1.1558639737289442	2.195412010423488	9.1
1	26.220256344956137	1.2688235441773348	2.6722713277712407	6.0
2	26.220256344956137	1.1561783032494988	2.1966143084870406	9.1
1	26.357671155994655	1.2702109783317757	2.678113555181741	6.0
2	26.357671155994655	1.1564931802581773	2.19781906411042	9.1
1	26.495224422122195	1.2715993819679206	2.6839662051118323	6.0
2	26.495224422122195	1.1568086070507373	2.1990262881087475	9.1
1	26.632916177182427	1.2729887532485469	2.6898292826433594	6.0
2	26.632916177182427	1.1571245859444839	2.2002359913952945	9.1
1	26.770746451867904	1.2743790902912382	2.6957027926371477	6.0
2	26.770746451867904	1.1574411192679543	2.2014481849421736	9.1
1	26.9087152793162	1.2757703912247356	2.701586739970289	6.0
2	26.9087152793162	1.157758209373927	2.2026628798303096	9.1
1	27.046822690422836	1.2771626541415333	2.7074811293354673	6.0
2	27.046822690422836	1.1580758586288282	2.203880087209055	9.1
1	27.185068715094285	1.2785558771104149	2.7133859652931664	6.0
2	27.185068715094285	1.1583940694157706	2.205099818307988	9.1
1	27.323453386377285	1.2799500582179388	2.7193012524471056	6.0
2	27.323453386377285	1.158712844144234	2.20632208447421	9.1
1	27.46197672944014	1.2813451954573036	2.7252269949722296	6.0
2	27.46197672944014	1.1590321852248584	2.2075468970758747	9.1
1	27.600638775460183	1.282741286868146	2.7311631972071804	6.0
2	27.600638775460183	1.1593520951016032	2.208774267625674	9.1
1	27.739439550594547	1.2841383304253229	2.737109863181561	6.0
2	27.739439550594547	1.1596725762265059	2.210004207684223	9.1
1	27.878379084028673	1.28553632411983	2.7430669969593153	6.0
2	27.878379084028673	1.1599936310784238	2.21123672893214	9.1
1	28.017457400143567	1.286935265879847	2.749034602301971	6.0
2	28.017457400143567	1.160315262145124	2.2124718431015	9.1
1	28.15667452681227	1.2883351536540908	2.755012683023209	6.0
2	28.15667452681227	1.1606374719426347	2.213709562050305	9.1
1	28.296030489749793	1.289735985354838	2.7610012427454804	6.0
2	28.296030489749793	1.1609602630023717	2.214949897713263	9.1
1	28.435525314009347	1.2911377588728554	2.767000284962962	6.0
2	28.435525314009347	1.1612836378747788	2.216192862115951	9.1
1	28.5751590212003	1.2925404720493285	2.7730098129205927	6.0
2	28.5751590212003	1.1616075991230563	2.21743846735089	9.1
1	28.714931637011578	1.293944122751319	2.779029829936581	6.0
2	28.714931637011578	1.1619321493407972	2.218686725645551	9.1
1	28.854843183568345	1.2953487087948359	2.785060339072395	6.0
2	28.854843183568345	1.162257291134454	2.219937649295147	9.1
1	28.99489368348459	1.296754227985415	2.791101343305941	6.0
2	28.99489368348459	1.1625830271329305	2.22119125069972	9.1
1	29.13508315684205	1.2981606780876616	2.7971528454000585	6.0
2	29.13508315684205	1.1629093599807527	2.2224475423380614	9.1
1	29.27541162723388	1.2995680568857493	2.803214848162149	6.0
2	29.27541162723388	1.163236292352332	2.223706536822832	9.1
1	29.41587911140871	1.3009763620794028	2.809287353995725	6.0
2	29.41587911140871	1.1635638269280468	2.2249682468086767	9.1
1	29.556485629974716	1.3023855913911255	2.815370365361405	6.0
2	29.556485629974716	1.1638919664193723	2.2262326850891996	9.1
1	29.6972312032124	1.3037957425240387	2.821463884595	6.0
2	29.6972312032124	1.1642207135593443	2.2274998645604764	9.1
1	29.838115847801628	1.305206813128957	2.8275679137644123	6.0
2	29.838115847801628	1.1645500710951122	2.2287697981925594	9.1
1	29.979139579615563	1.3066188008322623	2.8336824547890385	6.0
2	29.979139579615563	1.1648800417946565	2.230042499055569	9.1
1	30.12030241887035	1.308031703287297	2.8398075096619464	6.0
2	30.12030241887035	1.1652106284590618	2.2313179803672725	9.1
1	30.261604378421676	1.3094455180570495	2.8459430799409637	6.0
2	30.261604378421676	1.1655418338953354	2.2325962553884615	9.1
1	30.40304547546906	1.3108602427311675	2.8520891672550372	6.0
2	30.40304547546906	1.1658736609440234	2.2338773375297163	9.1
1	30.54462572640613	1.3122758748742405	2.8582457730796405	6.0
2	30.54462572640613	1.1662061124673813	2.2351612403060175	9.1
1	30.686345138941785	1.3136924119469093	2.864412898392386	6.0
2	30.686345138941785	1.166539191331066	2.2364479772662413	9.1
1	30.828203732306267	1.3151098515077129	2.8705905445506152	6.0
2	30.828203732306267	1.1668729004518266	2.237737562177604	9.1
1	30.970201514917523	1.31652819098968	2.876778712318269	6.0
2	30.970201514917523	1.1672072427452478	2.239030008824045	9.1
1	31.1123384999025	1.3179474278553007	2.882977402540004	6.0
2	31.1123384999025	1.1675422211624646	2.2403253311483113	9.1
1	31.254614700867634	1.3193675595540622	2.8891866159559423	6.0
2	31.254614700867634	1.1678778386804671	2.2416235432147764	9.1
1	31.39703012327775	1.320788583436259	2.8954063528237493	6.0
2	31.39703012327775	1.16821409828198	2.2429246591318406	9.1
1	31.539584780861233	1.3222104969165651	2.901636613633225	6.0
2	31.539584780861233	1.1685510029944033	2.244228693202824	9.1
1	31.68227867919064	1.3236332973100218	2.907877398387843	6.0
2	31.68227867919064	1.1688885558512896	2.24553565977717	9.1
1	31.82511182761776	1.3250569819509412	2.9141287071246227	6.0
2	31.82511182761776	1.1692267599207724	2.2468455733607224	9.1
1	31.968084231936313	1.3264815481195629	2.920390539591828	6.0
2	31.968084231936313	1.169565618288461	2.2481584485497677	9.1
1	32.111195902084745	1.3279069931186402	2.926662895584704	6.0
2	32.111195902084745	1.1699051340759354	2.249474300102951	9.1
1	32.25444684123139	1.3293333141645234	2.93294577446578	6.0
2	32.25444684123139	1.1702453104151176	2.2507931428422396	9.1
1	32.397837054550244	1.3307605084744214	2.9392391755476606	6.0
2	32.397837054550244	1.170586150469322	2.252114991734757	9.1
1	32.54136654601503	1.332188573234284	2.9455430979509942	6.0
2	32.54136654601503	1.1709276574259095	2.253439861864592	9.1
1	32.68503532268528	1.333617505641251	2.9518575407912304	6.0
2	32.68503532268528	1.1712698345067505	2.2547677684736835	9.1
1	32.82884338350647	1.3350473027920662	2.9581825026848048	6.0
2	32.82884338350647	1.171612684941814	2.2560987268596207	9.1
1	32.972790732054854	1.336477961809673	2.9645179823074885	6.0
2	32.972790732054854	1.1719562119997737	2.257432752494681	9.1
1	33.11687736938537	1.3379094797718836	2.9708639780784285	6.0
2	33.11687736938537	1.1723004189712423	2.2587698609610674	9.1
1	33.26110329462077	1.3393418537170731	2.977220488184159	6.0
2	33.26110329462077	1.1726453091704276	2.2601100679576125	9.1
1	33.40546850961487	1.3407750806902963	2.983587510782453	6.0
2	33.40546850961487	1.172990885946558	2.2614533893444757	9.1
1	33.54997301225182	1.3422091576765425	2.989965043705289	6.0
2	33.54997301225182	1.1733371526681353	2.2627998410822543	9.1
1	33.69461680099049	1.343644081645673	2.996353084657384	6.0
2	33.69461680099049	1.1736841127340782	2.2641494392755948	9.1
1	33.83939987234564	1.3450798495272223	3.002751631103271	6.0
2	33.83939987234564	1.174031769567969	2.2655022001511305	9.1
1	33.9843222240065	1.3465164582411278	3.0091606804032964	6.0
2	33.9843222240065	1.1743801266258227	2.2668581400880217	9.1
1	34.12938385183408	1.3479539046677411	3.015580229679177	6.0
2	34.12938385183408	1.1747291873891708	2.2682172755913674	9.1
1	34.274584750938835	1.3493921856583133	3.022010275859748	6.0
2	34.274584750938835	1.1750789553679348	2.2695796233037107	9.1
1	34.419924915075875	1.3508312980287982	3.028450815652307	6.0
2	34.419924915075875	1.1754294340992635	2.270945200000824	9.1
1	34.565404339053785	1.3522712385834894	3.034901845647507	6.0
2	34.565404339053785	1.17578062715364	2.2723140226158467	9.1
1	34.711023013666804	1.3537120040646384	3.0413633620927842	6.0
2	34.711023013666804	1.176132538122954	2.2736861081931297	9.1
1	34.85678093438461	1.3551535912382275	3.0478353612759377	6.0
2	34.85678093438461	1.1764851706417994	2.275061473971603	9.1
1	35.00267808709197	1.3565959967526882	3.054317838890175	6.0
2	35.00267808709197	1.1768385283532983	2.2764401372518446	9.1
1	35.14871446815954	1.3580392173371596	3.0608107909235214	6.0
2	35.14871446815954	1.177192614957987	2.2778221155871203	9.1
1	35.294890061328054	1.3594832495727358	3.06731421262972	6.0
2	35.294890061328054	1.1775474341581433	2.279207426566517	9.1
1	35.44120486132505	1.360928090125632	3.0738280995762453	6.0
2	35.44120486132505	1.177902989715369	2.280596088040041	9.1
1	35.58765885094992	1.362373735520576	3.0803524466228223	6.0
2	35.58765885094992	1.1782592853952945	2.2819881179031043	9.1
1	35.734252021577085	1.3638201823430565	3.086887248832039	6.0
2	35.734252021577085	1.1786163250177204	2.2833835342927045	9.1
1	35.88098435797704	1.3652674270892193	3.0934325007913226	6.0
2	35.88098435797704	1.1789741124200461	2.2847823554449507	9.1
1	36.027855847915475	1.366715466260362	3.0999881970385963	6.0
2	36.027855847915475	1.1793326514809717	2.286184599788056	9.1
1	36.17486647302083	1.3681642962726293	3.106554331652673	6.0
2	36.17486647302083	1.1796919460985587	2.2875902858569397	9.1
1	36.32201622194262	1.369613913586473	3.113130898838608	6.0
2	36.32201622194262	1.180052000222715	2.2889994324206784	9.1
1	36.46930507388753	1.3710643145441535	3.1197178921901125	6.0
2	36.46930507388753	1.1804128178153	2.290412058326814	9.1
1	36.616733014357855	1.3725154955245438	3.126315305390637	6.0
2	36.616733014357855	1.180774402888975	2.291828182653795	9.1
1	36.764300026486566	1.3739674528574923	3.132923131824024	6.0
2	36.764300026486566	1.1811367594863766	2.293247824629883	9.1
1	36.91200608857925	1.3754201827994221	3.139541364461853	6.0
2	36.91200608857925	1.1814998916744084	2.2946710036111644	9.1
1	37.0598511829253	1.3768736816197547	3.1461699962557614	6.0
2	37.0598511829253	1.181863803566249	2.2960977391682014	9.1
1	37.20783528906354	1.3783279455343789	3.152809019833587	6.0
2	37.20783528906354	1.1822284993051897	2.297528051023128	9.1
1	37.35595838586117	1.3797829707258376	3.159458427590109	6.0
2	37.35595838586117	1.1825939830701133	2.2989619590715518	9.1
1	37.50422045040557	1.3812387533321688	3.166118211634901	6.0
2	37.50422045040557	1.1829602590731383	2.3003994833737345	9.1
1	37.65262146439848	1.3826952895093942	3.1727883640772863	6.0
2	37.65262146439848	1.1833273315758153	2.3018406442186237	9.1
1	37.80116139902169	1.3841525752826753	3.179468876343793	6.0
2	37.80116139902169	1.1836952048520966	2.3032854619789234	9.1
1	37.94984023351787	1.3856106067284046	3.186159740010785	6.0
2	37.94984023351787	1.1840638832346853	2.3047339572935166	9.1
1	38.09865794362005	1.3870693798603366	3.192860946282025	6.0
2	38.09865794362005	1.184433371086829	2.306186150957195	9.1
1	38.24761450240424	1.3885288906377011	3.199572486024209	6.0
2	38.24761450240424	1.1848036728048041	2.3076420639308504	9.1
1	38.3967098855974	1.3899891350169198	3.2062943500035432	6.0
2	38.3967098855974	1.1851747928315195	2.3091017173954267	9.1
1	38.5459440660189	1.391450108896824	3.213026528632804	6.0
2	38.5459440660189	1.1855467356431246	2.310565132699764	9.1
1	38.69531701778249	1.3929118081595044	3.219769012158166	6.0
2	38.69531701778249	1.1859195057598926	2.312032331403886	9.1
1	38.844828712582334	1.3943742286336336	3.2265217904890444	6.0
2	38.844828712582334	1.1862931077373948	2.3135033352447767	9.1
1	38.994479117202786	1.3958373660698438	3.233284853082628	6.0
2	38.994479117202786	1.1866675461606735	2.3149781661138986	9.1
1	39.144268209153275	1.397301216293258	3.2400581896478173	6.0
2	39.144268209153275	1.1870428256838104	2.3164568462135615	9.1
1	39.29419595557164	1.3987657749968818	3.246841789189203	6.0
2	39.29419595557164	1.1874189509776023	2.3179393978513616	9.1
1	39.44426232339179	1.4002310378407357	3.2536356404634557	6.0
2	39.44426232339179	1.1877959267554117	2.319425843542487	9.1
1	39.59446728557227	1.4016970005122855	3.2604397322588152	6.0
2	39.59446728557227	1.1881737577893114	2.320916206073948	9.1
1	39.74481080765398	1.40316365859485	3.26725405278369	6.0
2	39.74481080765398	1.188552448876782	2.322410508373809	9.1
1	39.895292859090134	1.4046310076778556	3.274078590176871	6.0
2	39.895292859090134	1.1889320048696643	2.323908773625922	9.1
1	40.045913406141885	1.4060990432871574	3.280913332182748	6.0
2	40.045913406141885	1.1893124306567613	2.32541102520185	9.1
1	40.19667241536821	1.4075677609187296	3.2877582663065277	6.0
2	40.19667241536821	1.1896937311731104	2.3269172866980266	9.1
1	40.347569852126384	1.4090371560236854	3.294613379743231	6.0
2	40.347569852126384	1.1900759113966914	2.3284275819233335	9.1
1	40.4986056835746	1.4105072240371408	3.3014786595111185	6.0
2	40.4986056835746	1.190458976356536	2.3299419349317345	9.1
1	40.64977987491862	1.4119779603412805	3.3083540922781833	6.0
2	40.64977987491862	1.1908429311237358	2.3314603699873513	9.1
1	40.801092388276295	1.4134493602539717	3.315239664307195	6.0
2	40.801092388276295	1.1912277808090412	2.3329829115555363	9.1
1	40.95254319045415	1.4149214191040045	3.3221353618064153	6.0
2	40.95254319045415	1.1916135305831577	2.3345095843837784	9.1
1	41.104132244291655	1.4163941321465112	3.3290411705326486	6.0
2	41.104132244291655	1.192000185655274	2.3360404134173978	9.1
1	41.25585951191914	1.4178674945942764	3.335957075936133	6.0
2	41.25585951191914	1.1923877512818637	2.3375754238349753	9.1
1	41.407724958156535	1.4193415016503197	3.3428830633123	6.0
2	41.407724958156535	1.1927762327759246	2.3391146410856067	9.1
1	41.55972854409558	1.4208161484451665	3.3498191175059375	6.0
2	41.55972854409558	1.1931656354911357	2.340658090826807	9.1
1	41.71187023238622	1.4222914300877567	3.3567652231488596	6.0
2	41.71187023238622	1.1935559648359282	2.3422057989809115	9.1
1	41.86414998749584	1.4237673416674888	3.3637213646686073	6.0
2	41.86414998749584	1.1939472262747572	2.343757791740834	9.1
1	42.016567768638886	1.42524387818526	3.370687525962053	6.0
2	42.016567768638886	1.1943394253105135	2.3453140955009877	9.1
1	42.16912353507213	1.4267210346044066	3.3776636906335433	6.0
2	42.16912353507213	1.194732567498672	2.346874736914057	9.1
1	42.321817251034076	1.4281988058980413	3.3846498422174744	6.0
2	42.321817251034076	1.1951266584606488	2.34843974294477	9.1
1	42.47464887499155	1.4296771869444849	3.3916459636829774	6.0
2	42.47464887499155	1.1955217038566917	2.350009140762996	9.1
1	42.627618373573156	1.43115617266162	3.39865203806797	6.0
2	42.627618373573156	1.195917709422482	2.3515829578898626	9.1
1	42.78072570039711	1.432635757801673	3.4056680475060457	6.0
2	42.78072570039711	1.1963146809149867	2.353161221983341	9.1
1	42.93397082118638	1.4341159371935728	3.412693974373015	6.0
2	42.93397082118638	1.1967126241781023	2.3547439610998846	9.1
1	43.087353693971664	1.4355967055510999	3.419729800376248	6.0
2	43.087353693971664	1.1971115450920142	2.356331203493909	9.1
1	43.240874279503664	1.4370780575730242	3.426775507027962	6.0
2	43.240874279503664	1.1975114496008388	2.3579229777284665	9.1
1	43.39453253922517	1.4385599879229864	3.433831075548547	6.0
2	43.39453253922517	1.197912343708047	2.3595193126578717	9.1
1	43.54832843310651	1.4400424912081147	3.440896486763272	6.0
2	43.54832843310651	1.1983142334714902	2.3611202374087057	9.1
1	43.702261924491765	1.4415255620252228	3.4479717213209486	6.0
2	43.702261924491765	1.1987171250167472	2.3627257814338014	9.1
1	43.856332971807575	1.4430091948803854	3.455056759308921	6.0
2	43.856332971807575	1.199121024516134	2.364335974429453	9.1
1	44.0105415368582	1.4444933842683445	3.4621515806301515	6.0
2	44.0105415368582	1.1995259382111014	2.365950846425508	9.1
1	44.164887582918745	1.4459781246535492	3.469256164911664	6.0
2	44.164887582918745	1.1999318724080013	2.3675704277693974	9.1
1	44.31937107358853	1.4474634104585498	3.476370491447674	6.0
2	44.31937107358853	1.2003388334758185	2.3691947491179906	9.1
1	44.47399196715189	1.4489492360092582	3.483494538935463	6.0
2	44.47399196715189	1.200746827832021	2.37082384138198	9.1
1	44.62875022939272	1.4504355956575625	3.490628286061296	6.0
2	44.62875022939272	1.2011558619770868	2.3724577358646206	9.1
1	44.78364582411764	1.4519224836896167	3.4977717110596758	6.0
2	44.78364582411764	1.2015659424703147	2.374096464166123	9.1
1	44.93867871276428	1.453409894321552	3.504924791690574	6.0
2	44.93867871276428	1.2019770759295096	2.3757400581832893	9.1
1	45.09384886314299	1.454897821782749	3.5120875056382466	6.0
2	45.09384886314299	1.202389269054951	2.3773885502062853	9.1
1	45.249156238642996	1.4563862602116544	3.5192598300087035	6.0
2	45.249156238642996	1.2028025286015809	2.3790419728084515	9.1
1	45.40460080685339	1.4578752037378409	3.526441741722952	6.0
2	45.40460080685339	1.2032168614027074	2.380700358942082	9.1
1	45.56018253532168	1.459364646440685	3.533633217316577	6.0
2	45.56018253532168	1.2036322743595826	2.3823637418977683	9.1
1	45.71590139387868	1.4608545823709775	3.54083423304243	6.0
2	45.71590139387868	1.2040487744484538	2.3840321553336725	9.1
1	45.8717573477982	1.4623450054848288	3.5480447645494175	6.0
2	45.8717573477982	1.2044663687031156	2.385705633206671	9.1
1	46.0277503718803	1.463835909777705	3.55526478752902	6.0
2	46.0277503718803	1.2048850642534918	2.3873842099280127	9.1
1	46.18388043546868	1.465327289140437	3.5624942770172674	6.0
2	46.18388043546868	1.2053048682864074	2.389067920207237	9.1
1	46.34014751150221	1.4668191374450852	3.569733207808432	6.0
2	46.34014751150221	1.2057257880707444	2.390756799154092	9.1
1	46.496551577695506	1.468311448555422	3.576981554504867	6.0
2	46.496551577695506	1.206147830961613	2.3924508822964654	9.1
1	46.65309260889849	1.4698042162532727	3.584239291157836	6.0
2	46.65309260889849	1.206571004380705	2.3941502055027093	9.1
1	46.80977058345267	1.4712974342984488	3.5915063915567034	6.0
2	46.80977058345267	1.2069953158343794	2.395854805055391	9.1
1	46.96658548177387	1.4727910964144422	3.5987828291579897	6.0
2	46.96658548177387	1.2074207729108395	2.3975647176411896	9.1
1	47.123537283367114	1.4742851962592312	3.606068576941375	6.0
2	47.123537283367114	1.2078473832730192	2.3992799803235187	9.1
1	47.28062597437854	1.4757797274963942	3.6133636077547004	6.0
2	47.28062597437854	1.2082751546801143	2.401000630630342	9.1
1	47.437851541883354	1.4772746837398758	3.620667894043384	6.0
2	47.437851541883354	1.2087040949731398	2.402726706497419	9.1
1	47.59521397206309	1.47877005853588	3.6279814077598904	6.0
2	47.59521397206309	1.2091342120709707	2.4044582462536392	9.1
1	47.75271325568783	1.4802658454141666	3.63530412061261	6.0
2	47.75271325568783	1.2095655139863655	2.4061952886868228	9.1
1	47.91034938643366	1.4817620378711658	3.642636003981919	6.0
2	47.91034938643366	1.2099980088225015	2.4079378730311563	9.1
1	48.06812236403285	1.4832586293989634	3.649977029060849	6.0
2	48.06812236403285	1.210431704782773	2.4096860390080894	9.1
1	48.22603218578527	1.4847556134038602	3.657327166454137	6.0
2	48.22603218578527	1.2108666101486223	2.4114398267384027	9.1
1	48.384078853364485	1.4862529832700726	3.6646863864885812	6.0
2	48.384078853364485	1.211302733299365	2.4131992768235238	9.1
1	48.54226237427614	1.4877507323725616	3.6720546592748495	6.0
2	48.54226237427614	1.2117400827174536	2.4149644303682667	9.1
1	48.70058275597165	1.4892488540203188	3.679431954427003	6.0
2	48.70058275597165	1.2121786669734393	2.4167353289216678	9.1
1	48.85904001268016	1.4907473415200778	3.6868182413742643	6.0
2	48.85904001268016	1.212618494746102	2.4185120145597607	9.1
1	49.017634161356135	1.4922461881369338	3.6942134891657106	6.0
2	49.017634161356135	1.2130595748125224	2.4202945298470864	9.1
1	49.17636522484768	1.4937453871232687	3.701617666611312	6.0
2	49.17636522484768	1.2135019160581837	2.4220829178791172	9.1
1	49.335233225858175	1.4952449316606715	3.709030741993477	6.0
2	49.335233225858175	1.2139455274614694	2.4238772222212135	9.1
1	49.49423819749262	1.4967448149584508	3.716452683552149	6.0
2	49.49423819749262	1.2143904181244283	2.425677487034704	9.1
1	49.65338017273817	1.498245030153227	3.7238834589869705	6.0
2	49.65338017273817	1.2148365972447988	2.4274837569654606	9.1
1	49.81265919225539	1.499745570381335	3.7313230358137255	6.0
2	49.81265919225539	1.2152840741391953	2.42929607723944	9.1
1	49.97207530136498	1.5012464287492326	3.7387713812164485	6.0
2	49.97207530136498	1.2157328582361353	2.4311144936362794	9.1
1	50.13162855297419	1.5027475983598693	3.7462284621767625	6.0
2	50.13162855297419	1.2161829590857633	2.432939052530525	9.1
1	50.29131900164515	1.504249072255663	3.7536942451891218	6.0
2	50.29131900164515	1.2166343863446356	2.4347698008318304	9.1
1	50.45114671234642	1.5057508434996	3.7611686966621645	6.0
2	50.45114671234642	1.2170871498019595	2.436606786093241	9.1
1	50.61111175253128	1.5072529050994774	3.7686517825405628	6.0
2	50.61111175253128	1.2175412593587904	2.4384500564287923	9.1
1	50.771214203429125	1.5087552501126493	3.7761434688252136	6.0
2	50.771214203429125	1.217996725061688	2.44029966065211	9.1
1	50.93145414574461	1.5102578715104178	3.7836437208961247	6.0
2	50.93145414574461	1.2184535570637722	2.4421556481203797	9.1
1	51.09183167268655	1.5117607622989637	3.7911525041137226	6.0
2	51.09183167268655	1.218911765663453	2.4440180688936937	9.1
1	51.25234688415521	1.5132639154633731	3.798669783538487	6.0
2	51.25234688415521	1.2193713612896624	2.4458869736772617	9.1
1	51.41299988716468	1.5147673239701902	3.8061955239420677	6.0
2	51.41299988716468	1.2198323545048155	2.4477624138356218	9.1
1	51.57379080026638	1.5162709808073331	3.813729690005747	6.0
2	51.57379080026638	1.2202947560193378	2.4496444414539944	9.1
1	51.73471974971913	1.5177748789467096	3.821272246132145	6.0
2	51.73471974971913	1.2207585766825781	2.451533109303663	9.1
1	51.89578687138494	1.5192790113604056	3.828823156524901	6.0
2	51.89578687138494	1.2212238274901714	2.4534284708742873	9.1
1	52.05699231584051	1.520783371066771	3.8363823854190877	6.0
2	52.05699231584051	1.2216905196008256	2.455330580444769	9.1
1	52.21833623505064	1.5222879510043932	3.8439498964468415	6.0
2	52.21833623505064	1.2221586642997897	2.457239492936861	9.1
1	52.37981880058082	1.5237927442003687	3.8515256534816817	6.0
2	52.37981880058082	1.2226282730536568	2.459155264141085	9.1
1	52.54144019013038	1.5252977436429276	3.8591096199970782	6.0
2	52.54144019013038	1.223099357473484	2.4610779505690243	9.1
1	52.703200597611776	1.5268029423735872	3.8667017595291697	6.0
2	52.703200597611776	1.2235719293462848	2.463007609584472	9.1
1	52.86510022944758	1.5283083334507594	3.8743020354927795	6.0
2	52.86510022944758	1.2240460006265623	2.464944299371707	9.1
1	53.02713930541921	1.529813909955753	3.8819104112106957	6.0
2	53.02713930541921	1.2245215834411147	2.466888078957952	9.1
1	53.189318059384924	1.531319664997491	3.889526849936591	6.0
2	53.189318059384924	1.224998690093532	2.468839008234671	9.1
1	53.35163674417279	1.5328255917558833	3.897151315073835	6.0
2	53.35163674417279	1.2254773330810946	2.470797148029706	9.1
1	53.514095617637516	1.5343316833504002	3.90478376950926	6.0
2	53.514095617637516	1.2259575250561858	2.472762559952481	9.1
1	53.67669496492143	1.535837933044446	3.912424176647274	6.0
2	53.67669496492143	1.2264392788945566	2.474735306676466	9.1
1	53.83943508788926	1.5373443341450153	3.920072499901908	6.0
2	53.83943508788926	1.2269226076669781	2.47671545182657	9.1
1	54.00231629816335	1.5388508799360403	3.9277287023572725	6.0
2	54.00231629816335	1.227407524621232	2.4787030599086313	9.1
1	54.16533893864852	1.540357563875203	3.9353927477668456	6.0
2	54.16533893864852	1.2278940432489769	2.480698196586887	9.1
1	54.328503363077694	1.541864379402248	3.943064599579385	6.0
2	54.328503363077694	1.2283821772278705	2.482700928450353	9.1
1	54.49180995067296	1.5433713200720431	3.950744221615069	6.0
2	54.49180995067296	1.2288719404682948	2.484711323208046	9.1
1	54.65525910067821	1.544878379501435	3.9584315777951287	6.0
2	54.65525910067821	1.2293633471002015	2.486729449638834	9.1
1	54.818851240160924	1.5463855514384948	3.966126632495064	6.0
2	54.818851240160924	1.2298564114998185	2.4887553777050138	9.1
1	54.98258681474263	1.5478928296742784	3.9738293500946056	6.0
2	54.98258681474263	1.2303511482651317	2.490789178455623	9.1
1	55.1464663006221	1.5494002081507197	3.98153969552881	6.0
2	55.1464663006221	1.2308475722555932	2.4928309241937416	9.1
1	55.31049019638782	1.5509076808822553	3.989257633888058	6.0
2	55.31049019638782	1.231345698570997	2.494880688393949	9.1
1	55.474659035076904	1.5524152420636108	3.9969831309701855	6.0
2	55.474659035076904	1.2318455425917747	2.4969385458725077	9.1
1	55.63897337639643	1.553922885995032	4.004716152898817	6.0
2	55.63897337639643	1.2323471199592995	2.4990045727109376	9.1
1	55.80343380968355	1.5554306071062203	4.012456666246477	6.0
2	55.80343380968355	1.232850446588814	2.501078846313896	9.1
1	55.968040964659615	1.5569384000514284	4.020204638524138	6.0
2	55.968040964659615	1.2333555387065294	2.5031614455669704	9.1
1	56.132795494637115	1.5584462595519772	4.027960037373703	6.0
2	56.132795494637115	1.2338624128024709	2.5052524506473413	9.1
1	56.29769809985307	1.559954180606261	4.035722831648644	6.0
2	56.29769809985307	1.23437108570654	2.50735194334263	9.1
1	56.46274951368198	1.5614621583595756	4.043492990746868	6.0
2	56.46274951368198	1.2348815745508517	2.5094600069010315	9.1
1	56.627950514404375	1.5629701882077054	4.051270485145941	6.0
2	56.627950514404375	1.2353938968108549	2.5115767262066275	9.1
1	56.793301918108284	1.564478265727863	4.05905528604953	6.0
2	56.793301918108284	1.2359080702883958	2.51370218771526	9.1
1	56.95880458734256	1.5659863867533608	4.0668473657747635	6.0
2	56.95880458734256	1.2364241131437155	2.5158364795927124	9.1
1	57.12445943678973	1.5674945474206508	4.07464669799863	6.0
2	57.12445943678973	1.2369420439186698	2.5179796918170587	9.1
1	57.29026742631666	1.569002744101232	4.082453257409384	6.0
2	57.29026742631666	1.2374618815207383	2.5201319161190208	9.1
1	57.45622956693241	1.5705109734510452	4.090267019964876	6.0
2	57.45622956693241	1.2379836452474342	2.5222932460896246	9.1
1	57.62234692898054	1.5720192324797513	4.098087963255311	6.0
2	57.62234692898054	1.23850735481821	2.5244637773193475	9.1
1	57.78862064099594	1.5735275185348463	4.105916066425607	6.0
2	57.78862064099594	1.2390330303773816	2.5266436074175784	9.1
1	57.95505189546073	1.5750358293482143	4.113751310421685	6.0
2	57.95505189546073	1.239560692519044	2.528832836123505	9.1
1	58.12164194533393	1.5765441629987718	4.121593677801443	6.0
2	58.12164194533393	1.2400903622830777	2.531031565297401	9.1
1	58.28839211426005	1.5780525179988398	4.12944315318872	6.0
2	58.28839211426005	1.240622061194804	2.533239899093335	9.1
1	58.45530379838676	1.5795608933040677	4.13729972333114	6.0
2	58.45530379838676	1.2411558112785013	2.535457944023879	9.1
1	58.62237847775848	1.5810692884095343	4.145163377607548	6.0
2	58.62237847775848	1.2416916351019582	2.5376858091542176	9.1
1	58.789617700027314	1.5825777031955408	4.153034107231274	6.0
2	58.789617700027314	1.2422295557326866	2.5399236059294084	9.1
1	58.957023119217816	1.5840861382699387	4.160911907043249	6.0
2	58.957023119217816	1.2427695968712762	2.542171448738724	9.1
1	59.12459646018576	1.585594594639678	4.1687967738066245	6.0
2	59.12459646018576	1.2433117827464	2.5444294544890633	9.1
1	59.292339555680776	1.5871030740366672	4.176688707916802	6.0
2	59.292339555680776	1.2438561382439637	2.546697743153027	9.1
1	59.46025433638525	1.5886115788192223	4.184587712896906	6.0
2	59.46025433638525	1.2444026888853517	2.548976437689623	9.1
1	59.628342848801616	1.5901201121236577	4.192493796201877	6.0
2	59.628342848801616	1.2449514608964034	2.5512656643434473	9.1
1	59.796607248674626	1.5916286777954622	4.200406968869812	6.0
2	59.796607248674626	1.245502481197479	2.553565552615584	9.1
1	59.965049814795314	1.5931372805030672	4.2083272461301915	6.0
2	59.965049814795314	1.246055777460472	2.555876235514225	9.1
1	60.13367295687711	1.5946459257976058	4.216254647731054	6.0
2	60.13367295687711	1.2466113781473898	2.5581978497292908	9.1
1	60.30247922040896	1.5961546201449786	4.224189198121816	6.0
2	60.30247922040896	1.2471693125397345	2.560530535769345	9.1
1	60.47147130529655	1.5976633710804142	4.232130927281732	6.0
2	60.47147130529655	1.2477296108143083	2.5628744382934547	9.1
1	60.64065205767115	1.59917218712251	4.2400798702845774	6.0
2	60.64065205767115	1.2482923040311655	2.5652297060765696	9.1
1	60.81002450004972	1.6006810780289167	4.24803606866287	6.0
2	60.81002450004972	1.2488574242496027	2.5675964925114	9.1
1	60.97959182848109	1.6021900547563261	4.255999570217501	6.0
2	60.97959182848109	1.2494250045357984	2.5699749556581097	9.1
1	61.14935743013684	1.6036991296019107	4.2639704297847345	6.0
2	61.14935743013684	1.2499950790394867	2.572365258583977	9.1
1	61.31932489144598	1.6052083162594424	4.27194870955539	6.0
2	61.31932489144598	1.250567683040338	2.5747675695774004	9.1
1	61.48949802044414	1.606717630000533	4.279934480057398	6.0
2	61.48949802044414	1.2511428530435067	2.577182062569422	9.1
1	61.659880852611764	1.6082270877079157	4.2879278203589655	6.0
2	61.659880852611764	1.25172062682113	2.57960891732996	9.1
1	61.83047767478703	1.609736708067767	4.2959288191153755	6.0
2	61.83047767478703	1.2523010435164093	2.5820483199281936	9.1
1	62.00129303396863	1.611246511626597	4.303937574901762	6.0
2	62.00129303396863	1.2528841436982765	2.5845004629871022	9.1
1	62.172331771807535	1.6127565210737302	4.311954197744977	6.0
2	62.172331771807535	1.2534699695054874	2.5869655463157177	9.1
1	62.34359902825042	1.6142667612492012	4.319978809202834	6.0
2	62.34359902825042	1.2540585646876443	2.589443777110006	9.1
1	62.51510027905267	1.615777259448929	4.3280115440244495	6.0
2	62.51510027905267	1.2546499747642776	2.591935370652465	9.1
1	62.68684134896678	1.6172880455129925	4.336052550663138	6.0
2	62.68684134896678	1.255244247103128	2.5944405506740744	9.1
1	62.85882844742535	1.6187991521098504	4.344101992835087	6.0
2	62.85882844742535	1.2558414310785573	2.5969595500562233	9.1
1	63.03106820031909	1.620310614983222	4.3521600508856375	6.0
2	63.03106820031909	1.25644157821993	2.599492611493471	9.1
1	63.20356767370031	1.621822473125303	4.3602269227680015	6.0
2	63.20356767370031	1.257044742335151	2.6020399880544773	9.1
1	63.376334426702066	1.6233347692030538	4.368302826377613	6.0
2	63.376334426702066	1.2576509797398707	2.604601944192426	9.1
1	63.54937652997078	1.6248475496786416	4.37638800026144	6.0
2	63.54937652997078	1.258260349370314	2.607178756267746	9.1
1	63.72270262943683	1.626360865323107	4.3844827064335234	6.0
2	63.72270262943683	1.25887291305948	2.609770713765166	9.1
1	63.896321989950444	1.6278747715490198	4.392587232233459	6.0
2	63.896321989950444	1.259488735748258	2.6123781202406664	9.1
1	64.07024455117521	1.6293893288454517	4.400701892740669	6.0
2	64.07024455117521	1.2601078857453998	2.615001294480155	9.1
1	64.24448097897364	1.6309046031683976	4.408827032959663	6.0
2	64.24448097897364	1.2607304349776665	2.6176405716220708	9.1
1	64.4190427573454	1.6324206666779082	4.416963031875328	6.0
2	64.4190427573454	1.2613564593918816	2.620296304930223	9.1
1	64.59394223777633	1.6339375980977637	4.425110304497647	6.0
2	64.59394223777633	1.2619860392131212	2.6229688669640545	9.1
1	64.7691927490405	1.6354554835928006	4.433269306697529	6.0
2	64.7691927490405	1.2626192594283938	2.625658651713197	9.1
1	64.94480868089272	1.6369744174103864	4.441440538794113	6.0
2	64.94480868089272	1.2632562101873692	2.6283660763894967	9.1
1	65.12080560290325	1.6384945028165379	4.449624550743419	6.0
2	65.12080560290325	1.263896987341542	2.631091583817149	9.1
1	65.2972003789799	1.6400158529832574	4.457821947085803	6.0
2	65.2972003789799	1.264541692981264	2.6338356448255205	9.1
1	65.47401131946896	1.6415385921875174	4.466033393594843	6.0
2	65.47401131946896	1.2651904361248127	2.6365987613018835	9.1
1	65.65125833843545	1.643062857039662	4.474259624112965	6.0
2	65.65125833843545	1.2658433334443433	2.639381469416606	9.1
1	65.82896313865727	1.6445887979334963	4.482501448613157	6.0
2	65.82896313865727	1.2665005101135562	2.642184343384052	9.1
1	66.00714943327576	1.6461165807914857	4.490759762890052	6.0
2	66.00714943327576	1.267162100814107	2.6450079999203937	9.1
1	66.18584318456163	1.6476463889337156	4.499035558961403	6.0
2	66.18584318456163	1.2678282508326744	2.647853103111473	9.1
1	66.36507290275455	1.6491784254349464	4.507329938156334	6.0
2	66.36507290275455	1.268499117412911	2.6507203703956628	9.1
1	66.54486997005806	1.6507129156652087	4.515644125253534	6.0
2	66.54486997005806	1.2691748712387154	2.653610579139481	9.1
1	66.7252690550018	1.6522501105653475	4.5239794866652385	6.0
2	66.7252690550018	1.269855698300029	2.6565245748855943	9.1
1	66.90630856848777	1.6537902902333428	4.532337550385308	6.0
2	66.90630856848777	1.27054180196841	2.6594632805428104	9.1
1	67.08803122699615	1.655333768370886	4.54072003069497	6.0
2	67.08803122699615	1.2712334055394925	2.6624277076269647	9.1
1	67.27048473473072	1.6568808976769605	4.54912885812231	6.0
2	67.27048473473072	1.2719307553028572	2.6654189698249695	9.1
1	67.45372257908375	1.6584320761258378	4.557566214341705	6.0
2	67.45372257908375	1.2726341241354826	2.668438298880202	9.1
1	67.63780504263906	1.6599877549855846	4.5660345766999	6.0
2	67.63780504263906	1.2733438160359485	2.6714870646073945	9.1
1	67.8228004117133	1.6615484483813314	4.574536771351673	6.0
2	67.8228004117133	1.2740601715538569	2.6745667988671507	9.1
1	68.0087865033945	1.6631147454025346	4.583076040498642	6.0
2	68.0087865033945	1.274783574621894	2.6776792257105844	9.1
1	68.19585258843428	1.6646873253620338	4.591656127121657	6.0
2	68.19585258843428	1.2755144611430775	2.6808262992529697	9.1
1	68.38410184724293	1.6662669773041041	4.600281383290708	6.0
2	68.38410184724293	1.2762533299364662	2.684010251928611	9.1
1	68.57365454402593	1.6678546252371138	4.608956910241691	6.0
2	68.57365454402593	1.2770007568589585	2.6872336567244566	9.1
1	68.7646522075877	1.6694513614009787	4.6176887430249325	6.0
2	68.7646522075877	1.2777574133670289	2.690499508945242	9.1
1	68.957263276582	1.6710584912440913	4.626484100079203	6.0
2	68.957263276582	1.2785240915125764	2.6938113362632	9.1
1	69.15169081609248	1.6726775949508137	4.635351724601324	6.0
2	69.15169081609248	1.2793017380526768	2.6971733488407916	9.1
1	69.34818342969938	1.6743106145521482	4.644302367732098	6.0
2	69.34818342969938	1.2800915025597057	2.7005906509656614	9.1
1	69.54705107054129	1.6759599802638896	4.653349489199685	6.0
2	69.54705107054129	1.280894806987999	2.704069546948182	9.1
1	69.74868891954539	1.6776288015086451	4.662510316410821	6.0
2	69.74868891954539	1.2817134504679335	2.707618001696773	9.1
1	69.9536149233895	1.6793211675205422	4.671807510741258	6.0
2	69.9536149233895	1.2825497736805935	2.7112463628423837	9.1
1	70.16253239839979	1.6810426492632846	4.6812719489895205	6.0
2	70.16253239839979	1.2834069322937436	2.7149685614090697	9.1
1	70.37213540483613	1.6827658345462906	4.690753053083546	6.0
2	70.37213540483613	1.2842715701782939	2.7187267827128045	9.1
1	70.5712452872551	1.6843990556076975	4.699745845318439	6.0
2	70.5712452872551	1.2850973020528271	2.722319230445828	9.1
1	70.76475425726392	1.685982846663674	4.708472615897744	6.0
2	70.76475425726392	1.2859039409215007	2.7258317684738165	9.1
1	70.95265504431275	1.6875174147985876	4.7169338848842655	6.0
2	70.95265504431275	1.2866911443689644	2.729262692657239	9.1
1	71.1358974382606	1.689010755807954	4.7251731883032875	6.0
2	71.1358974382606	1.287462611518766	2.7326279349508953	9.1
1	71.31491360190401	1.6904665926069926	4.733210598907049	6.0
2	71.31491360190401	1.2882199263398106	2.7359342473205777	9.1
1	71.4901277714905	1.6918885530564456	4.741065731696994	6.0
2	71.4901277714905	1.2889646751537234	2.739188417528182	9.1
1	71.6618538873606	1.6932793432254503	4.748753166915854	6.0
2	71.6618538873606	1.289698006793754	2.7423953441133264	9.1
1	71.83035769086722	1.6946412585460986	4.756285259589569	6.0
2	71.83035769086722	1.2904208880483887	2.7455591463738163	9.1
1	71.99585834513236	1.6959762012575699	4.7636722271413845	6.0
2	71.99585834513236	1.2911341054965646	2.748683168754715	9.1
1	72.15854224021155	1.6972857955296523	4.770922778999352	6.0
2	72.15854224021155	1.2918383205525306	2.7517702187619117	9.1
1	72.31856886647991	1.6985714374805356	4.7780443880574035	6.0
2	72.31856886647991	1.2925340916621368	2.754822661963648	9.1
1	72.47607646515577	1.6998343427706442	4.785043549961021	6.0
2	72.47607646515577	1.2932218962777116	2.7578425165513583	9.1
1	72.63118581803887	1.701075578727535	4.791925957701678	6.0
2	72.63118581803887	1.2939021453563615	2.7608315155406706	9.1
1	72.78400334977862	1.7022960905868412	4.798696644321613	6.0
2	72.78400334977862	1.2945751952953164	2.7637911580328383	9.1
1	72.93462346764998	1.7034967213394145	4.80536009072636	6.0
2	72.93462346764998	1.2952413568683907	2.7667227475455007	9.1
1	73.0831304329813	1.7046782276144152	4.81192031193654	6.0
2	73.0831304329813	1.2959009023637365	2.7696274226216078	9.1
1	73.22959986172334	1.7058412924288207	4.8183809262878725	6.0
2	73.22959986172334	1.2965540712909527	2.772506181291335	9.1
1	73.37409995584159	1.7069865356531124	4.82474521222179	6.0
2	73.37409995584159	1.2972010750608651	2.775359901128808	9.1
1	73.51669249103458	1.7081145224271075	4.831016153908135	6.0
2	73.51669249103458	1.297842100714478	2.778189355214356	9.1
1	73.65743364412582	1.709225770212027	4.8371964794664635	6.0
2	73.65743364412582	1.2984773140440586	2.780995225493344	9.1
1	73.7963746924376	1.71032075475228	4.843288693272853	6.0
2	73.7963746924376	1.2991068622304194	2.7837781140643187	9.1
1	73.93356258281571	1.7113999149438117	4.849295102306916	6.0
2	73.93356258281571	1.299730875967813	2.786538552257404	9.1
1	74.06904043791934	1.7124636571543368	4.8552178395507175	6.0
2	74.06904043791934	1.3003494713680386	2.789277008781428	9.1
1	74.20284795847557	1.7135123586797332	4.861058882665291	6.0
2	74.20284795847557	1.3009627514450652	2.7919938960533006	9.1
1	74.33502180058407	1.7145463709662718	4.866820071435593	6.0
2	74.33502180058407	1.3015708075309411	2.7946895762550126	9.1
1	74.46559587854009	1.7155660222156246	4.872503121840083	6.0
2	74.46559587854009	1.302173720389896	2.7973643660816143	9.1
1	74.59460162659406	1.7165716196410554	4.8781096382291125	6.0
2	74.59460162659406	1.3027715611760928	2.800018540818929	9.1
1	74.72206825519974	1.7175634516558336	4.883641125171638	6.0
2	74.72206825519974	1.303364392395152	2.8026523384587407	9.1
1	74.84802293792916	1.7185417894996942	4.889098996208833	6.0
2	74.84802293792916	1.3039522685697642	2.805265962518352	9.1
1	74.97249099580017	1.7195068888275815	4.894484582431036	6.0
2	74.97249099580017	1.3045352369140053	2.807859584913403	9.1
1	75.09549606581231	1.720458991159212	4.89979914030881	6.0
2	75.09549606581231	1.3051133379534412	2.8104333486037305	9.1
1	75.2170602344335	1.7213983250426625	4.905043857954729	6.0
2	75.2170602344335	1.30568660599783	2.812987369595508	9.1
1	75.33720416479929	1.722325107157266	4.910219861069351	6.0
2	75.33720416479929	1.3062550695984325	2.8155217388850677	9.1
1	75.45594721392773	1.7232395433282415	4.915328218415131	6.0
2	75.45594721392773	1.3068187519713266	2.8180365242608802	9.1
1	75.57330752567346	1.7241418293445863	4.9203699462098065	6.0
2	75.57330752567346	1.3073776713172054	2.8205317716523783	9.1
1	75.68930212842648	1.7250321518051075	4.9253460126931135	6.0
2	75.68930212842648	1.3079318411735599	2.823007506630632	9.1
1	75.80394701259608	1.7259106888012974	4.9302573417965	6.0
2	75.80394701259608	1.3084812706796671	2.8254637355267294	9.1
1	75.91725720092828	1.7267776105387935	4.935104816482341	6.0
2	75.91725720092828	1.3090259648148286	2.8279004464364332	9.1
1	76.02924682307123	1.7276330799853616	4.939889282243165	6.0
2	76.02924682307123	1.3095659246640086	2.8303176103529735	9.1
1	76.13992916831813	1.7284772533465653	4.9446115496479335	6.0
2	76.13992916831813	1.3101011475847968	2.8327151818635676	9.1
1	76.2493167460821	1.7293102805960263	4.949272397202975	6.0
2	76.2493167460821	1.3106316274168306	2.8350931000404076	9.1
1	76.3574213314796	1.7301323058879268	4.953872573562817	6.0
2	76.3574213314796	1.311157354624033	2.8374512890350094	9.1
1	76.46425401060164	1.7309434679637479	4.9584127997163785	6.0
2	76.46425401060164	1.3116783164392094	2.8397896586867635	9.1
1	76.56982522819533	1.7317439005740642	4.9628937712645875	6.0
2	76.56982522819533	1.312194497024096	2.8421081052045456	9.1
1	76.67414482167123	1.732533732793715	4.967316160107701	6.0
2	76.67414482167123	1.3127058775658853	2.844406511566656	9.1
1	76.77722205454104	1.7333130893305695	4.971680616102483	6.0
2	76.77722205454104	1.3132124363732631	2.8466847479213606	9.1
1	76.87906565471265	1.7340820908690548	4.9759877689194685	6.0
2	76.87906565471265	1.3137141489984594	2.8489426721073583	9.1
1	76.97968383923705	1.7348408543095961	4.980238229322325	6.0
2	76.97968383923705	1.3142109882944724	2.851180129885509	9.1
1	77.07908434499817	1.7355894930518083	4.984432590696735	6.0
2	77.07908434499817	1.31470292450268	2.8533969553097345	9.1
1	77.17727445311415	1.7363281172292924	4.98857143031246	6.0
2	77.17727445311415	1.3151899253103159	2.85559297096475	9.1
1	77.27426101439409	1.7370568339518109	4.992655310630629	6.0
2	77.27426101439409	1.3156719559135817	2.8577679882315152	9.1
1	77.37005047193564	1.7377757475256506	4.996684780492502	6.0
2	77.37005047193564	1.3161489790666567	2.859921807491443	9.1
1	77.4646488816028	1.7384849596581375	5.000660376222826	6.0
2	77.4646488816028	1.316620955119766	2.8620542182834035	9.1
1	77.55806193053697	1.7391845696478405	5.004582622656167	6.0
2	77.55806193053697	1.3170878420465812	2.864164999414646	9.1
1	77.65029495779882	1.7398746745914981	5.008452034260033	6.0
2	77.65029495779882	1.3175495954809888	2.86625391911616	9.1
1	77.74135297324258	1.740555369578757	5.012269116192644	6.0
2	77.74135297324258	1.318006168743365	2.8683207351528175	9.1
1	77.83124067018983	1.7412267478420764	5.016034365112047	6.0
2	77.83124067018983	1.3184575128335057	2.8703651947846773	9.1
1	77.91996244928919	1.7418889009921608	5.019748270467575	6.0
2	77.91996244928919	1.3189035764768726	2.8723870349718195	9.1
1	78.00752242478481	1.7425419191243663	5.02341131507036	6.0
2	78.00752242478481	1.319344306079147	2.87438598216602	9.1
1	78.09392444500037	1.7431858910342046	5.027023976278253	6.0
2	78.09392444500037	1.3197796457480808	2.876361752409392	9.1
1	78.1791721090834	1.7438209044082715	5.030586727045606	6.0
2	78.1791721090834	1.3202095372918878	2.878314051329227	9.1
1	78.26326877833807	1.744447045978925	5.034100036772292	6.0
2	78.26326877833807	1.320633920184757	2.8802425739859783	9.1
1	78.34621759294299	1.745064401723865	5.0375643724073	6.0
2	78.34621759294299	1.3210527315529734	2.8821470048172393	9.1
1	78.42802148915197	1.7456730570748262	5.040980199606283	6.0
2	78.42802148915197	1.3214659061559562	2.8840270175614586	9.1
1	78.50868320887854	1.7462730970760596	5.044347983610208	6.0
2	78.50868320887854	1.3218733763200639	2.885882274969683	9.1
1	78.58820532286774	1.7468646066514133	5.0476681907365615	6.0
2	78.58820532286774	1.3222750719308851	2.8877124287864713	9.1
1	78.66659024256894	1.7474476707960402	5.05094128945088	6.0
2	78.66659024256894	1.3226709203567297	2.8895171194211655	9.1
1	78.74384024108508	1.7480223748457366	5.054167751877584	6.0
2	78.74384024108508	1.3230608464043667	2.8912959757696948	9.1
1	78.81995747347831	1.7485888047532496	5.057348055353975	6.0
2	78.81995747347831	1.3234447722557043	2.893048614953876	9.1
1	78.89494399598567	1.749147047370178	5.060482684020041	6.0
2	78.89494399598567	1.3238226173805958	2.894774641956468	9.1
1	78.96880178911923	1.7496971907737608	5.0635721306652455	6.0
2	78.96880178911923	1.3241942984478405	2.896473649253199	9.1
1	79.04153279424692	1.7502393247128818	5.06661689925051	6.0
2	79.04153279424692	1.3245597292788591	2.898145216646174	9.1
1	79.1131389320682	1.75077354094136	5.069617506803762	6.0
2	79.1131389320682	1.3249188206806517	2.8997889105525965	9.1
1	79.1836221450479	1.751299933755865	5.072574486472194	6.0
2	79.1836221450479	1.3252714803643744	2.9014042836929597	9.1
1	79.25298443986648	1.7518186005652554	5.0754883907600234	6.0
2	79.25298443986648	1.3256176128221955	2.9029908745983772	9.1
1	79.32122793415985	1.752329642529219	5.078359795166039	6.0
2	79.32122793415985	1.3259571191759134	2.9045482070000115	9.1
1	79.38835491546446	1.7528331653330098	5.081189302598261	6.0
2	79.38835491546446	1.3262898970267183	2.906075789237419	9.1
1	79.45436791243314	1.7533292801085825	5.083977548626296	6.0
2	79.45436791243314	1.3266158402933679	2.9075731136304466	9.1
1	79.51926978120058	1.7538181045360641	5.086725207765453	6.0
2	79.51926978120058	1.3269348390366236	2.9090396558085	9.1
1	79.5830638076574	1.7542997641469453	5.089433000917088	6.0
2	79.5830638076574	1.3272467792528526	2.9104748739232176	9.1
1	79.64575383592218	1.754774393926747	5.092101704520163	6.0
2	79.64575383592218	1.3275515426604336	2.9118782078592123	9.1
1	79.70734443394133	1.7552421403269156	5.094732162038473	6.0
2	79.70734443394133	1.3278490064961976	2.913249078530643	9.1
1	79.76784109407252	1.755703163705621	5.097325297903941	6.0
2	79.76784109407252	1.3281390432637434	2.9145868870068847	9.1
1	79.82725049498784	1.75615764144533	5.099882135322881	6.0
2	79.82725049498784	1.328421520497221	2.9158910137749166	9.1
1	79.88558083438303	1.756605771885849	5.102403818743308	6.0
2	79.88558083438303	1.3286963004978127	2.9171608179620256	9.1
1	79.9428422776525	1.7570477795108956	5.104891643472702	6.0
2	79.9428422776525	1.3289632401346108	2.918395636971408	9.1
1	79.99904753449152	1.757483921611664	5.107347093738923	6.0
2	79.99904753449152	1.3292221905914412	2.91959478602539	9.1
1	80.0542126547688	1.757914497321216	5.109771894275493	6.0
2	80.0542126547688	1.3294729972347676	2.92075755848676	9.1
1	80.10835812058583	1.7583398599012117	5.112168080469587	6.0
2	80.10835812058583	1.3297154995789606	2.921883226941869	9.1
1	80.16151036092911	1.7587604336950857	5.114538095148848	6.0
2	80.16151036092911	1.32994953135599	2.92297104521909	9.1
1	80.21370396695555	1.7591767386050778	5.116884928279806	6.0
2	80.21370396695555	1.3301749210410165	2.924020253199818	9.1
1	80.26498491097837	1.7595894255827649	5.119212319525966	6.0
2	80.26498491097837	1.3303914927190805	2.925030084260966	9.1
1	80.31541549205018	1.7599993307239776	5.121525066927512	6.0
2	80.31541549205018	1.330599067992089	2.9259997792362267	9.1
1	80.36508209032884	1.7604075598958886	5.123829509791444	6.0
2	80.36508209032884	1.3307974692239697	2.9269286094263327	9.1
1	80.41410790747156	1.7608156275149014	5.126134320546869	6.0
2	80.41410790747156	1.33098652522634	2.9278159159553883	9.1
1	80.46267483931987	1.7612256951635816	5.128451866371284	6.0
2	80.46267483931987	1.3311660805420997	2.9286611752200855	9.1
1	80.511062899944	1.7616410044099562	5.130800679547194	6.0
2	80.511062899944	1.3313360085644526	2.929464100893665	9.1
1	80.55972429937245	1.7620667028569523	5.1332101746548355	6.0
2	80.55972429937245	1.3314962192352582	2.930224760733453	9.1
1	80.60942042832389	1.7625114354545708	5.135729747685043	6.0
2	80.60942042832389	1.3316465886662279	2.930943418919682	9.1
1	80.66138614594652	1.762989665041392	5.138442118116222	6.0
2	80.66138614594652	1.3317863280057618	2.931617932430854	9.1
1	80.7165973189508	1.7635163253964654	5.141433312260105	6.0
2	80.7165973189508	1.3319101644018108	2.932226068116469	9.1
1	80.77452327247407	1.7640957172880007	5.1447298004586335	6.0
2	80.77452327247407	1.3320044846954717	2.9327070124137813	9.1
1	80.81714685779542	1.764545219568948	5.147291503616468	6.0
2	80.81714685779542	1.332043144047557	2.932925667435962	9.1
1	80.83807761779536	1.7647750588253126	5.148604223146361	6.0
2	80.83807761779536	1.3320500430166542	2.9329785483315445	9.1
1	80.84985969307327	1.764907530965879	5.149360583469016	6.0
2	80.84985969307327	1.3320498195651234	2.932990981757819	9.1
1	80.86281167172956	1.76505600717214	5.150209194053439	6.0
2	80.86281167172956	1.332045790594145	2.9329875768059823	9.1
1	80.88533802982053	1.7653222034006064	5.151732104106099	6.0
2	80.88533802982053	1.3320282115382807	2.9329348628989234	9.1
1	80.9388052106238	1.7660052077072212	5.155648471978488	6.0
2	80.9388052106238	1.3319185268797296	2.9325091744923766	9.1
1	80.96998305076679	1.7664485070038134	5.158197245911012	6.0
2	80.96998305076679	1.331794753433566	2.931996726582358	9.1
1	80.9866603655644	1.7667040933355798	5.159672666273668	6.0
2	80.9866603655644	1.3317040103857283	2.931610850216385	9.1
1	80.99358230071905	1.7668146961543398	5.160307692409302	6.0
2	80.99358230071905	1.331660335724088	2.9314281103628956	9.1
1	80.99835110281462	1.766892594586718	5.160757149752819	6.0
2	80.99835110281462	1.3316279868536387	2.931290274007302	9.1
1	81.01098455222413	1.7671062776394972	5.161990890375769	6.0
2	81.01098455222413	1.331532559830776	2.9308821758260417	9.1
1	81.02412559600411	1.7673411494038718	5.163348123529195	6.0
2	81.02412559600411	1.3314165339276094	2.9303839230617292	9.1
1	81.03298666529585	1.7675077649147382	5.164312937529892	6.0
2	81.03298666529585	1.3313273328868513	2.9299984254413953	9.1
1	81.0386632283563	1.7676183673313999	5.164952726729531	6.0
2	81.0386632283563	1.3312650443650669	2.9297298037456105	9.1
1	81.0438166650142	1.7677215903197403	5.165550737254768	6.0
2	81.0438166650142	1.3312047513389806	2.9294687880482915	9.1
1	81.0521476823922	1.767894543570139	5.166553218831066	6.0
2	81.0521476823922	1.331099182091952	2.9290111597631543	9.1
1	81.06510677758827	1.7681800540381978	5.168210251642073	6.0
2	81.06510677758827	1.3309130207101527	2.9282018410735473	9.1
3	81.07308707151445	2.213147309330395	8.096689996468914	7.121142629615116
3	81.28962669712061	2.21453607085354	8.104424574857887	7.121142629615116
3	81.39728966349594	2.2152102283017663	8.108390574322376	7.121142629615116
3	81.51769466086053	2.215953675418771	8.112903653220659	7.121142629615116
3	81.63891639374772	2.2166925923274046	8.117518463341447	7.121142629615116
3	81.76491411877194	2.2174519896443323	8.122379504498344	7.121142629615116
3	81.89480003433634	2.218227044376014	8.127448894815979	7.121142629615116
3	82.02918502036255	2.2190219700303913	8.132746550068513	7.121142629615116
3	82.1682506564087	2.2198383489449194	8.138276158637069	7.121142629615116
3	82.31234364118481	2.220678693413633	8.144048280017232	7.121142629615116
3	82.46179540138105	2.221545376443066	8.150073254336696	7.121142629615116
3	82.61698080164015	2.2224409786908597	8.156363524598424	7.121142629615116
3	82.77830217494103	2.2233681966097025	8.162932992941734	7.121142629615116
3	82.94619589345103	2.224329882297498	8.169797278562072	7.121142629615116
3	83.12113029091856	2.2253290333580633	8.176973626301974	7.121142629615116
3	83.30360380099886	2.2263687842775344	8.18448082238087	7.121142629615116
3	83.4941388791032	2.227452373902244	8.192338935975165	7.121142629615116
3	83.6932709107061	2.2285830846130232	8.20056885218636	7.121142629615116
3	83.90152939060007	2.2297641378281243	8.209191482815996	7.121142629615116
3	84.1194085764311	2.230998530034792	8.218226537100268	7.121142629615116
3	84.3473247825651	2.232288793325662	8.227690732252956	7.121142629615116
3	84.58555917968896	2.2336366740099542	8.237595393490245	7.121142629615116
3	84.83418892343735	2.2350427452134376	8.2479435575274	7.121142629615116
3	85.09301718615308	2.2365060131630137	8.2587270169937	7.121142629615116
3	85.36152212512067	2.238023630296732	8.269924140231725	7.121142629615116
3	85.63885054227165	2.2395908607050306	8.281499544879441	7.121142629615116
3	85.9238752158322	2.2412014052120597	8.29340642753069	7.121142629615116
3	86.21531157954666	2.242848061817512	8.305591382923373	7.121142629615116
3	86.51186100539705	2.2445235366634835	8.31800035659933	7.121142629615116
3	86.81233632872751	2.2462211549569404	8.330583880670597	7.121142629615116
3	87.11573866327912	2.247935296879526	8.343300293014233	7.121142629615116
3	87.42128120558101	2.249661533994119	8.356116749817973	7.121142629615116
3	87.72837455130288	2.25139654801052	8.369008629848036	7.121142629615116
3	88.03659326953736	2.253137943361339	8.381958151422106	7.121142629615116
3	88.34563826304043	2.25488403564479	8.394952808380705	7.121142629615116
3	88.65530311133452	2.256633662278362	8.40798396853409	7.121142629615116
3	88.96544715490636	2.258386031003633	8.421045751131327	7.121142629615116
3	89.27597537351541	2.260140606600119	8.434134186669016	7.121142629615116
3	89.58682394539889	2.2618970295683787	8.447246613274176	7.121142629615116
3	89.89795021869384	2.2636550596529754	8.460381257135655	7.121142629615116
3	90.20932572010462	2.265414536464759	8.473536939707984	7.121142629615116
3	90.52093151772516	2.2671753533629264	8.486712883370126	7.121142629615116
3	90.83275503805636	2.268937439525614	8.49990857790084	7.121142629615116
3	91.14478795146216	2.27070074803877	8.513123691706182	7.121142629615116
3	91.45702474528566	2.2724652478580727	8.526358011862813	7.121142629615116
3	91.7694617845655	2.274230918517707	8.539611404621114	7.121142629615116
3	92.08209669215039	2.2759977466384056	8.552883789320752	7.121142629615116
3	92.3949279152297	2.277765723485176	8.566175120129179	7.121142629615116
3	92.70795445566425	2.279534843448193	8.57948537467671	7.121142629615116
3	93.02117567548886	2.281305102946852	8.592814545848196	7.121142629615116
3	93.33459120642797	2.283076499920553	8.606162637974194	7.121142629615116
3	93.64820080561766	2.284849033014708	8.619529660714923	7.121142629615116
3	93.96200434707978	2.2866227015335054	8.63291562871121	7.121142629615116
3	94.27600179782388	2.288397505305478	8.646320560579394	7.121142629615116
3	94.59019315483852	2.290173444327794	8.65974447623114	7.121142629615116
3	94.90457845037358	2.29195051879639	8.673187397102593	7.121142629615116
3	95.21915772258393	2.2937287289402186	8.68664934490237	7.121142629615116
3	95.53393106325639	2.2955080752911607	8.700130343656578	7.121142629615116
3	95.84889853915514	2.2972885582395004	8.7136304163448	7.121142629615116
3	96.16406023685968	2.2990701782874323	8.727149586819602	7.121142629615116
3	96.47941623199138	2.3008529358751395	8.740687878488052	7.121142629615116
3	96.79496663675513	2.302636831649577	8.754245316353112	7.121142629615116
3	97.11071151058715	2.304421865959359	8.767821923176253	7.121142629615116
3	97.42665097045727	2.3062080394783413	8.781417724216887	7.121142629615116
3	97.74278510119642	2.307995352698679	8.795032743378707	7.121142629615116
3	98.05911398869257	2.3097838061184977	8.80866700463554	7.121142629615116
3	98.37563775004318	2.311573400412374	8.82232053333269	7.121142629615116
3	98.69235645519424	2.313364135988302	8.835993352808096	7.121142629615116
3	99.00927021449738	2.315156013482727	8.849685488168623	7.121142629615116
3	99.3263791141958	2.3169490333957903	8.863396963506384	7.121142629615116
