0	0.0	5.0000000003625775	0	1
1	0.0	1.0000000006792273	1	2
2	0.0	5.00000000031665	2	-1
0	0.0008038111431572362	5.000000569219541	0	1
1	0.0008038111431572362	1.0000010767578216	1	2
2	0.0008038111431572362	5.000000507538281	2	-1
0	0.07091169558695473	4.99995151053854	0	1
1	0.07091169558695473	0.999982476060377	1	2
2	0.07091169558695473	5.000030965521837	2	-1
0	0.09847322207385883	4.999885102584163	0	1
1	0.09847322207385883	0.9999208478339456	1	2
2	0.09847322207385883	5.000035745249782	2	-1
0	0.12927789874069137	4.999784263355092	0	1
1	0.12927789874069137	0.9998208092611982	1	2
2	0.12927789874069137	5.000036545906106	2	-1
0	0.16003941436283747	4.99965856454337	0	1
1	0.16003941436283747	0.9996913373364134	1	2
2	0.16003941436283747	5.000032772793043	2	-1
0	0.19177652717396493	4.99950565622561	0	1
1	0.19177652717396493	0.9995299869034122	1	2
2	0.19177652717396493	5.000024330677802	2	-1
0	0.2242421439746395	4.999327638140071	0	1
1	0.2242421439746395	0.9993388130462204	1	2
2	0.2242421439746395	5.000011174906149	2	-1
0	0.2575603349945045	4.999124905893476	0	1
1	0.2575603349945045	0.9991181086098457	1	2
2	0.2575603349945045	4.99999320271637	2	-1
0	0.2917501996280866	4.998898307556332	0	1
1	0.2917501996280866	0.9988686602914276	1	2
2	0.2917501996280866	4.999970352735096	2	-1
0	0.3268658313691867	4.998648413163253	0	1
1	0.3268658313691867	0.9985909673760576	1	2
2	0.3268658313691867	4.999942554212804	2	-1
0	0.36295562869442444	4.998375752953619	0	1
1	0.36295562869442444	0.9982854984655218	1	2
2	0.36295562869442444	4.9999097455119035	2	-1
0	0.40007481034955444	4.9980807372783955	0	1
1	0.40007481034955444	0.9979526021879987	1	2
2	0.40007481034955444	4.999871864909603	2	-1
0	0.4382822915717052	4.99776367842409	0	1
1	0.4382822915717052	0.9975925298940691	1	2
2	0.4382822915717052	4.999828851469979	2	-1
0	0.4776422840564744	4.997424778950224	0	1
1	0.4776422840564744	0.9972054211236845	1	2
2	0.4776422840564744	4.9997806421734605	2	-1
0	0.5182245981864616	4.997064129454255	0	1
1	0.5182245981864616	0.9967912995578314	1	2
2	0.5182245981864616	4.999727170103576	2	-1
0	0.5601054591605515	4.996681701994529	0	1
1	0.5601054591605515	0.996350064001474	1	2
2	0.5601054591605515	4.999668362006946	2	-1
0	0.6033683294221323	4.996277343149524	0	1
1	0.6033683294221323	0.9958814788709272	1	2
2	0.6033683294221323	4.999604135721403	2	-1
0	0.6481049245058942	4.995850765090322	0	1
1	0.6481049245058942	0.9953851623201615	1	2
2	0.6481049245058942	4.99953439722984	2	-1
0	0.6944164166371036	4.995401534636723	0	1
1	0.6944164166371036	0.9948605719472221	1	2
2	0.6944164166371036	4.9994590373104995	2	-1
0	0.7424148977926883	4.994929059565117	0	1
1	0.7424148977926883	0.9943069872090637	1	2
2	0.7424148977926883	4.9993779276439465	2	-1
0	0.7922251689456412	4.994432571452931	0	1
1	0.7922251689456412	0.9937234876826802	1	2
2	0.7922251689456412	4.999290916229749	2	-1
0	0.8439869715310756	4.993911103841683	0	1
1	0.8439869715310756	0.9931089257130692	1	2
2	0.8439869715310756	4.999197821871387	2	-1
0	0.8978578089653381	4.99336346415113	0	1
1	0.8978578089653381	0.9924618915639725	1	2
2	0.8978578089653381	4.999098427412842	2	-1
0	0.954016588279522	4.992788196915974	0	1
1	0.954016588279522	0.9917806681563768	1	2
2	0.954016588279522	4.998992471240403	2	-1
0	1.012668432748323	4.992183534638194	0	1
1	1.012668432748323	0.9910631709445505	1	2
2	1.012668432748323	4.998879636306357	2	-1
0	1.0740512101103319	4.991547330498226	0	1
1	1.0740512101103319	0.9903068660166348	1	2
2	1.0740512101103319	4.99875953551841	2	-1
0	1.138444674324602	4.990876963435607	0	1
1	1.138444674324602	0.9895086550259631	1	2
2	1.138444674324602	4.998631691590356	2	-1
0	1.2061837491478506	4.990169199445385	0	1
1	1.2061837491478506	0.9886647075560324	1	2
2	1.2061837491478506	4.998495508110647	2	-1
0	1.2776787118984851	4.989419979934612	0	1
1	1.2776787118984851	0.9877702059102624	1	2
2	1.2776787118984851	4.99835022597565	2	-1
0	1.3534475642871944	4.988624081252879	0	1
1	1.3534475642871944	0.9868189352205423	1	2
2	1.3534475642871944	4.9981948539676635	2	-1
0	1.4341715794404675	4.987774529229883	0	1
1	1.4341715794404675	0.9858025793877694	1	2
2	1.4341715794404675	4.998028050157887	2	-1
0	1.5207993538126274	4.986861500958049	0	1
1	1.5207993538126274	0.984709401348348	1	2
2	1.5207993538126274	4.997847900390299	2	-1
0	1.61476657871348	4.9858700032373635	0	1
1	1.61476657871348	0.9835214544837312	1	2
2	1.61476657871348	4.997651451246368	2	-1
0	1.7185506720334227	4.984774010900381	0	1
1	1.7185506720334227	0.982207543554956	1	2
2	1.7185506720334227	4.997433532654575	2	-1
0	1.8315847291285015	4.983579646454631	0	1
1	1.8315847291285015	0.9807750061117115	1	2
2	1.8315847291285015	4.997195359657081	2	-1
0	1.9489995616914082	4.9823385558472415	0	1
1	1.9489995616914082	0.9792858493079821	1	2
2	1.9489995616914082	4.996947293460741	2	-1
0	2.0730262202831424	4.981027347908227	0	1
1	2.0730262202831424	0.9777120849549492	1	2
2	2.0730262202831424	4.9966847370467224	2	-1
0	2.2032636668014156	4.979650418884759	0	1
1	2.2032636668014156	0.9760590447481539	1	2
2	2.2032636668014156	4.996408625863395	2	-1
0	2.3219399216571843	4.978395778530519	0	1
1	2.3219399216571843	0.9745525442651308	1	2
2	2.3219399216571843	4.996156765734611	2	-1
0	2.4388604015636663	4.977159822117109	0	1
1	2.4388604015636663	0.9730682766297143	1	2
2	2.4388604015636663	4.995908454512605	2	-1
0	2.5538477581463823	4.975944459945149	0	1
1	2.5538477581463823	0.971608578068091	1	2
2	2.5538477581463823	4.995664118122942	2	-1
0	2.6680106438771327	4.974737995266478	0	1
1	2.6680106438771327	0.9701594281512502	1	2
2	2.6680106438771327	4.995421432884772	2	-1
0	2.7816165578924923	4.973537615699481	0	1
1	2.7816165578924923	0.9687174662627913	1	2
2	2.7816165578924923	4.99517985056331	2	-1
0	2.8949307734471064	4.972340528122592	0	1
1	2.8949307734471064	0.9672793487952265	1	2
2	2.8949307734471064	4.994938820672634	2	-1
0	3.008088777657653	4.971145308149504	0	1
1	3.008088777657653	0.9658433722742799	1	2
2	3.008088777657653	4.994698064124775	2	-1
0	3.121186726408561	4.9699509451355155	0	1
1	3.121186726408561	0.9644083275872513	1	2
2	3.121186726408561	4.994457382451736	2	-1
0	3.234285000326141	4.968756805136231	0	1
1	3.234285000326141	0.9629734563694852	1	2
2	3.234285000326141	4.994216651233254	2	-1
0	3.347424448137468	4.967562459673549	0	1
1	3.347424448137468	0.9615382458692583	1	2
2	3.347424448137468	4.993975786195709	2	-1
0	3.4606322155303166	4.966367624407741	0	1
1	3.4606322155303166	0.9601023556585853	1	2
2	3.4606322155303166	4.993734731250845	2	-1
0	3.573926693359705	4.965172107045351	0	1
1	3.573926693359705	0.9586655553116388	1	2
2	3.573926693359705	4.993493448266287	2	-1
0	3.687320348297908	4.963975777562672	0	1
1	3.687320348297908	0.9572276888105797	1	2
2	3.687320348297908	4.993251911247908	2	-1
0	3.8008216920832583	4.9627785474936115	0	1
1	3.8008216920832583	0.9557886497847901	1	2
2	3.8008216920832583	4.993010102291178	2	-1
0	3.9144365622335986	4.961580356464984	0	1
1	3.9144365622335986	0.9543483654190572	1	2
2	3.9144365622335986	4.992768008954073	2	-1
0	4.028168980193755	4.9603811631772485	0	1
1	4.028168980193755	0.9529067856763569	1	2
2	4.028168980193755	4.992525622499109	2	-1
0	4.142021733726943	4.959180939285214	0	1
1	4.142021733726943	0.9514638759865908	1	2
2	4.142021733726943	4.992282936701376	2	-1
0	4.2559967662416	4.957979665308737	0	1
1	4.2559967662416	0.9500196123617344	1	2
2	4.2559967662416	4.992039947052998	2	-1
0	4.370095440487012	4.956777327863801	0	1
1	4.370095440487012	0.9485739780886986	1	2
2	4.370095440487012	4.991796650224898	2	-1
0	4.484318727948299	4.955573917673977	0	1
1	4.484318727948299	0.9471269613536517	1	2
2	4.484318727948299	4.991553043679675	2	-1
0	4.598667322511311	4.954369428377969	0	1
1	4.598667322511311	0.9456785538188122	1	2
2	4.598667322511311	4.991309125440843	2	-1
0	4.7131417358491285	4.953163855528372	0	1
1	4.7131417358491285	0.9442287494258714	1	2
2	4.7131417358491285	4.9910648938975	2	-1
0	4.82774234312063	4.95195719611289	0	1
1	4.82774234312063	0.9427775438253736	1	2
2	4.82774234312063	4.990820347712484	2	-1
0	4.942469438348786	4.950749447972941	0	1
1	4.942469438348786	0.9413249336810989	1	2
2	4.942469438348786	4.990575485708158	2	-1
0	5.057323244735364	4.949540609696314	0	1
1	5.057323244735364	0.9398709165434376	1	2
2	5.057323244735364	4.990330306847124	2	-1
0	5.172303949938906	4.948330680246677	0	1
1	5.172303949938906	0.9384154904054984	1	2
2	5.172303949938906	4.990084810158821	2	-1
0	5.287411707635956	4.947119658947786	0	1
1	5.287411707635956	0.9369586536852905	1	2
2	5.287411707635956	4.989838994737505	2	-1
0	5.4026466518107235	4.945907545333542	0	1
1	5.4026466518107235	0.9355004050461782	1	2
2	5.4026466518107235	4.989592859712636	2	-1
0	5.518008905188282	4.944694339059607	0	1
1	5.518008905188282	0.9340407432910962	1	2
2	5.518008905188282	4.989346404231489	2	-1
0	5.633498573529497	4.943480039963623	0	1
1	5.633498573529497	0.9325796674353777	1	2
2	5.633498573529497	4.989099627471754	2	-1
0	5.749115762826969	4.942264647884532	0	1
1	5.749115762826969	0.9311171764896224	1	2
2	5.749115762826969	4.98885252860509	2	-1
0	5.864860568451402	4.941048162776833	0	1
1	5.864860568451402	0.9296532695973232	1	2
2	5.864860568451402	4.98860510682049	2	-1
0	5.980733087990333	4.939830584575709	0	1
1	5.980733087990333	0.928187945872673	1	2
2	5.980733087990333	4.988357361296964	2	-1
0	6.09673341191973	4.938611913295146	0	1
1	6.09673341191973	0.9267212045186923	1	2
2	6.09673341191973	4.988109291223545	2	-1
0	6.212861630125973	4.937392148959443	0	1
1	6.212861630125973	0.9252530447448359	1	2
2	6.212861630125973	4.987860895785393	2	-1
0	6.329117834025757	4.936171291581008	0	1
1	6.329117834025757	0.9237834657402675	1	2
2	6.329117834025757	4.98761217415926	2	-1
0	6.44550210836288	4.934949341246547	0	1
1	6.44550210836288	0.9223124667775924	1	2
2	6.44550210836288	4.987363125531045	2	-1
0	6.562014541815016	4.933726298005712	0	1
1	6.562014541815016	0.9208400470788014	1	2
2	6.562014541815016	4.98711374907309	2	-1
0	6.678655221493443	4.932502161928897	0	1
1	6.678655221493443	0.9193662058848169	1	2
2	6.678655221493443	4.9868640439559195	2	-1
0	6.795424233905146	4.931276933097171	0	1
1	6.795424233905146	0.917890942443333	1	2
2	6.795424233905146	4.986614009346162	2	-1
0	6.912321667278403	4.930050611577902	0	1
1	6.912321667278403	0.9164142559794364	1	2
2	6.912321667278403	4.986363644401535	2	-1
0	7.0293476048691454	4.928823197495015	0	1
1	7.0293476048691454	0.9149361457801595	1	2
2	7.0293476048691454	4.986112948285145	2	-1
0	7.146502135050453	4.927594690923177	0	1
1	7.146502135050453	0.9134566110670237	1	2
2	7.146502135050453	4.985861920143846	2	-1
0	7.263785338973913	4.926365092017226	0	1
1	7.263785338973913	0.9119756511518631	1	2
2	7.263785338973913	4.985610559134637	2	-1
0	7.38119730622542	4.925134400848042	0	1
1	7.38119730622542	0.9104932652391096	1	2
2	7.38119730622542	4.985358864391068	2	-1
0	7.498738118182003	4.9239026175770615	0	1
1	7.498738118182003	0.90900945263594	1	2
2	7.498738118182003	4.985106835058878	2	-1
0	7.616407862721184	4.922669742302123	0	1
1	7.616407862721184	0.9075242125665426	1	2
2	7.616407862721184	4.98485447026442	2	-1
0	7.734206622322921	4.921435775182184	0	1
1	7.734206622322921	0.906037544322313	1	2
2	7.734206622322921	4.984601769140129	2	-1
0	7.852134481875167	4.9202007163555574	0	1
1	7.852134481875167	0.9045494471633031	1	2
2	7.852134481875167	4.984348730807746	2	-1
0	7.970191526137125	4.918964565966523	0	1
1	7.970191526137125	0.9030599203502363	1	2
2	7.970191526137125	4.9840953543837125	2	-1
0	8.088377839052107	4.9177273241725565	0	1
1	8.088377839052107	0.9015689631531618	1	2
2	8.088377839052107	4.983841638980604	2	-1
0	8.20669350541312	4.916488991126912	0	1
1	8.20669350541312	0.9000765748304258	1	2
2	8.20669350541312	4.983587583703514	2	-1
0	8.32513860860581	4.915249567002283	0	1
1	8.32513860860581	0.8985827546571317	1	2
2	8.32513860860581	4.983333187654849	2	-1
0	8.443713231684708	4.914009051979557	0	1
1	8.443713231684708	0.8970875019115434	1	2
2	8.443713231684708	4.983078449931987	2	-1
0	8.562417457864319	4.912767446242711	0	1
1	8.562417457864319	0.8955908158688786	1	2
2	8.562417457864319	4.982823369626168	2	-1
0	8.681251372886608	4.9115247499540855	0	1
1	8.681251372886608	0.8940926957714517	1	2
2	8.681251372886608	4.982567945817365	2	-1
0	8.800215056443076	4.910280963344121	0	1
1	8.800215056443076	0.8925931409368006	1	2
2	8.800215056443076	4.982312177592679	2	-1
0	8.91930859361275	4.909036086591776	0	1
1	8.91930859361275	0.891092150613475	1	2
2	8.91930859361275	4.9820560640217	2	-1
0	9.03853206667379	4.90779011991018	0	1
1	9.03853206667379	0.8895897240842485	1	2
2	9.03853206667379	4.981799604174069	2	-1
0	9.157885557468376	4.906543063521934	0	1
1	9.157885557468376	0.8880858606362847	1	2
2	9.157885557468376	4.981542797114351	2	-1
0	9.27736914958221	4.90529491763637	0	1
1	9.27736914958221	0.8865805595336651	1	2
2	9.27736914958221	4.981285641897294	2	-1
0	9.396982923984588	4.904045682495137	0	1
1	9.396982923984588	0.8850738200723054	1	2
2	9.396982923984588	4.981028137577169	2	-1
0	9.516726963289916	4.902795358327706	0	1
1	9.516726963289916	0.8835656415262498	1	2
2	9.516726963289916	4.980770283198543	2	-1
0	9.636601349377418	4.901543945376279	0	1
1	9.636601349377418	0.8820560231776455	1	2
2	9.636601349377418	4.980512077801367	2	-1
0	9.756606163089188	4.900291443898953	0	1
1	9.756606163089188	0.8805449643205221	1	2
2	9.756606163089188	4.980253520421569	2	-1
0	9.876741487116817	4.899037854139637	0	1
1	9.876741487116817	0.8790324642244287	1	2
2	9.876741487116817	4.979994610084791	2	-1
0	9.997007401717958	4.897783176372783	0	1
1	9.997007401717958	0.8775185221883537	1	2
2	9.997007401717958	4.9797353458155715	2	-1
0	10.117403988702181	4.896527410861822	0	1
1	10.117403988702181	0.8760031374905233	1	2
2	10.117403988702181	4.979475726628701	2	-1
0	10.237931326836874	4.8952705579071285	0	1
1	10.237931326836874	0.8744863094462128	1	2
2	10.237931326836874	4.979215751539084	2	-1
0	10.358589500044484	4.894012617760559	0	1
1	10.358589500044484	0.8729680373045658	1	2
2	10.358589500044484	4.978955419544006	2	-1
0	10.479378587000411	4.8927535907339665	0	1
1	10.479378587000411	0.871448320379486	1	2
2	10.479378587000411	4.97869472964552	2	-1
0	10.600298667532286	4.891493477132492	0	1
1	10.600298667532286	0.8699271579690846	1	2
2	10.600298667532286	4.978433680836592	2	-1
0	10.7213498205155	4.890232277276542	0	1
1	10.7213498205155	0.8684045493821415	1	2
2	10.7213498205155	4.978172272105599	2	-1
0	10.84253212819325	4.888969991456818	0	1
1	10.84253212819325	0.8668804938837531	1	2
2	10.84253212819325	4.977910502426935	2	-1
0	10.96384566964761	4.887706620002377	0	1
1	10.96384566964761	0.8653549907774427	1	2
2	10.96384566964761	4.977648370775065	2	-1
0	11.085290522297539	4.886442163265039	0	1
1	11.085290522297539	0.8638280393862825	1	2
2	11.085290522297539	4.977385876121243	2	-1
0	11.20686676733968	4.885176621562776	0	1
1	11.20686676733968	0.8622996389844699	1	2
2	11.20686676733968	4.977123017421694	2	-1
0	11.328574481887	4.883909995261596	0	1
1	11.328574481887	0.8607697888961532	1	2
2	11.328574481887	4.976859793634558	2	-1
0	11.450413746534089	4.882642284696832	0	1
1	11.450413746534089	0.8592384884003064	1	2
2	11.450413746534089	4.976596203703473	2	-1
0	11.572384638692096	4.881373490242546	0	1
1	11.572384638692096	0.8577057368144891	1	2
2	11.572384638692096	4.976332246571943	2	-1
0	11.694487238958398	4.880103612245289	0	1
1	11.694487238958398	0.8561715334147806	1	2
2	11.694487238958398	4.976067921169491	2	-1
0	11.81672162047998	4.878832651134766	0	1
1	11.81672162047998	0.8546358775694056	1	2
2	11.81672162047998	4.97580322643464	2	-1
0	11.93908786526958	4.8775606072541935	0	1
1	11.93908786526958	0.8530987685337177	1	2
2	11.93908786526958	4.975538161279524	2	-1
0	12.061586050012824	4.876287481007937	0	1
1	12.061586050012824	0.8515602056285028	1	2
2	12.061586050012824	4.975272724620567	2	-1
0	12.184216250013971	4.875013272820488	0	1
1	12.184216250013971	0.8500201881903688	1	2
2	12.184216250013971	4.975006915369881	2	-1
0	12.306978542755472	4.873737983099524	0	1
1	12.306978542755472	0.8484787155270261	1	2
2	12.306978542755472	4.974740732427502	2	-1
0	12.4298730069896	4.8724616122454	0	1
1	12.4298730069896	0.8469357869286922	1	2
2	12.4298730069896	4.974474174683293	2	-1
0	12.552899718252071	4.871184160697789	0	1
1	12.552899718252071	0.8453914017243966	1	2
2	12.552899718252071	4.974207241026607	2	-1
0	12.676058751505414	4.86990562890825	0	1
1	12.676058751505414	0.8438455592487646	1	2
2	12.676058751505414	4.9739399303405145	2	-1
0	12.799350186252	4.8686260172871965	0	1
1	12.799350186252	0.842298258777828	1	2
2	12.799350186252	4.973672241490632	2	-1
0	12.922774095185233	4.867345326321743	0	1
1	12.922774095185233	0.8407494996714435	1	2
2	12.922774095185233	4.9734041733497	2	-1
0	13.04633055472072	4.866063556466431	0	1
1	13.04633055472072	0.8391992812410982	1	2
2	13.04633055472072	4.973135724774668	2	-1
0	13.170019641009477	4.864780708184657	0	1
1	13.170019641009477	0.8376476027999318	1	2
2	13.170019641009477	4.972866894615275	2	-1
0	13.293841428190156	4.863496781966838	0	1
1	13.293841428190156	0.836094463684637	1	2
2	13.293841428190156	4.972597681717799	2	-1
0	13.417795992700505	4.862211778285741	0	1
1	13.417795992700505	0.834539863201357	1	2
2	13.417795992700505	4.972328084915615	2	-1
0	13.541883407624105	4.860925697655137	0	1
1	13.541883407624105	0.8329838006965704	1	2
2	13.541883407624105	4.972058103041434	2	-1
0	13.666103746593025	4.859638540589375	0	1
1	13.666103746593025	0.8314262755081181	1	2
2	13.666103746593025	4.971787734918743	2	-1
0	13.790457084925325	4.8583503075916505	0	1
1	13.790457084925325	0.8298672869509254	1	2
2	13.790457084925325	4.971516979359275	2	-1
0	13.914943495397162	4.857060999197856	0	1
1	13.914943495397162	0.8283068343699949	1	2
2	13.914943495397162	4.97124583517214	2	-1
0	14.039563053195591	4.855770615925314	0	1
1	14.039563053195591	0.8267449170782912	1	2
2	14.039563053195591	4.970974301152976	2	-1
0	14.164315830753049	4.854479158326331	0	1
1	14.164315830753049	0.8251815344214699	1	2
2	14.164315830753049	4.970702376095139	2	-1
0	14.289201899186482	4.853186626973305	0	1
1	14.289201899186482	0.8236166857598075	1	2
2	14.289201899186482	4.970430058786502	2	-1
0	14.414221334412447	4.851893022395502	0	1
1	14.414221334412447	0.8220503703915596	1	2
2	14.414221334412447	4.970157347996058	2	-1
0	14.539374205225002	4.850598345202471	0	1
1	14.539374205225002	0.8204825877023172	1	2
2	14.539374205225002	4.969884242499847	2	-1
0	14.66466058574063	4.849302595955316	0	1
1	14.66466058574063	0.8189133370090653	1	2
2	14.66466058574063	4.969610741053749	2	-1
0	14.7900805485524	4.848005775237587	0	1
1	14.7900805485524	0.8173426176459313	1	2
2	14.7900805485524	4.969336842408344	2	-1
0	14.915634163265024	4.846707883670449	0	1
1	14.915634163265024	0.815770428982499	1	2
2	14.915634163265024	4.96906254531205	2	-1
0	15.041321502635487	4.845408921849243	0	1
1	15.041321502635487	0.8141967703468822	1	2
2	15.041321502635487	4.968787848497639	2	-1
0	15.167142638828084	4.844108890382264	0	1
1	15.167142638828084	0.8126216410726106	1	2
2	15.167142638828084	4.968512750690346	2	-1
0	15.293097638708891	4.842807789939406	0	1
1	15.293097638708891	0.8110450405574987	1	2
2	15.293097638708891	4.968237250618093	2	-1
0	15.419186575018205	4.841505621136778	0	1
1	15.419186575018205	0.8094669681237621	1	2
2	15.419186575018205	4.967961346986984	2	-1
0	15.545409518749944	4.840202384615504	0	1
1	15.545409518749944	0.8078874231134012	1	2
2	15.545409518749944	4.967685038497898	2	-1
0	15.67176653841042	4.838898081049401	0	1
1	15.67176653841042	0.8063064048974393	1	2
2	15.67176653841042	4.967408323848038	2	-1
0	15.798257702631856	4.8375927111180355	0	1
1	15.798257702631856	0.8047239128431851	1	2
2	15.798257702631856	4.9671312017251505	2	-1
0	15.92488307964772	4.836286275512185	0	1
1	15.92488307964772	0.8031399463207753	1	2
2	15.92488307964772	4.9668536708085895	2	-1
0	16.051642742865717	4.834978774876419	0	1
1	16.051642742865717	0.8015545046334487	1	2
2	16.051642742865717	4.9665757297570305	2	-1
0	16.1785367559385	4.833670209963141	0	1
1	16.1785367559385	0.7999675872042573	1	2
2	16.1785367559385	4.9662973772411165	2	-1
0	16.305565189481477	4.8323605814601995	0	1
1	16.305565189481477	0.7983791933669364	1	2
2	16.305565189481477	4.966018611906737	2	-1
0	16.432728111184172	4.831049890092933	0	1
1	16.432728111184172	0.7967893224895612	1	2
2	16.432728111184172	4.965739432396628	2	-1
0	16.56002558706546	4.829738136611256	0	1
1	16.56002558706546	0.7951979739588113	1	2
2	16.56002558706546	4.965459837347555	2	-1
0	16.687457685801892	4.828425321745117	0	1
1	16.687457685801892	0.7936051471258372	1	2
2	16.687457685801892	4.96517982538072	2	-1
0	16.81502447524608	4.827111446240429	0	1
1	16.81502447524608	0.7920108413497635	1	2
2	16.81502447524608	4.9648993951093345	2	-1
0	16.942726019668417	4.82579651088753	0	1
1	16.942726019668417	0.7904150560321295	1	2
2	16.942726019668417	4.964618545144599	2	-1
0	17.070562386848906	4.824480516448188	0	1
1	17.070562386848906	0.7888177905282308	1	2
2	17.070562386848906	4.964337274080043	2	-1
0	17.19853364214589	4.823163463716743	0	1
1	17.19853364214589	0.7872190442212164	1	2
2	17.19853364214589	4.964055580504473	2	-1
0	17.32663985082449	4.821845353496182	0	1
1	17.32663985082449	0.7856188164929634	1	2
2	17.32663985082449	4.963773462996781	2	-1
0	17.45488107656669	4.8205261866135185	0	1
1	17.45488107656669	0.7840171067426596	1	2
2	17.45488107656669	4.963490920129141	2	-1
0	17.58325738774945	4.819205963855275	0	1
1	17.58325738774945	0.7824139143083668	1	2
2	17.58325738774945	4.963207950453092	2	-1
0	17.711768846481714	4.81788468608031	0	1
1	17.711768846481714	0.7808092386039163	1	2
2	17.711768846481714	4.962924552523606	2	-1
0	17.8404155171176	4.816562354132301	0	1
1	17.8404155171176	0.7792030790125546	1	2
2	17.8404155171176	4.962640724880254	2	-1
0	17.969197462846697	4.8152389688748665	0	1
1	17.969197462846697	0.7775954349294949	1	2
2	17.969197462846697	4.962356466054628	2	-1
0	18.098114749112288	4.813914531156505	0	1
1	18.098114749112288	0.775986305719222	1	2
2	18.098114749112288	4.962071774562717	2	-1
0	18.227167437410454	4.812589041874366	0	1
1	18.227167437410454	0.7743756907928674	1	2
2	18.227167437410454	4.961786648918501	2	-1
0	18.356355589239755	4.811262501933712	0	1
1	18.356355589239755	0.7727635895588674	1	2
2	18.356355589239755	4.961501087625155	2	-1
0	18.485679269427823	4.8099349122138335	0	1
1	18.485679269427823	0.7711500013814336	1	2
2	18.485679269427823	4.961215089167601	2	-1
0	18.615138537982002	4.808606273651788	0	1
1	18.615138537982002	0.7695349256822155	1	2
2	18.615138537982002	4.960928652030428	2	-1
0	18.744733457811297	4.80727658716318	0	1
1	18.744733457811297	0.7679183618439156	1	2
2	18.744733457811297	4.960641774680735	2	-1
0	18.874464087957456	4.805945853711692	0	1
1	18.874464087957456	0.7663003092947069	1	2
2	18.874464087957456	4.9603544555830155	2	-1
0	19.00433049198365	4.80461407422308	0	1
1	19.00433049198365	0.7646807674035667	1	2
2	19.00433049198365	4.960066693180487	2	-1
0	19.134332727638633	4.803281249691259	0	1
1	19.134332727638633	0.7630597356091569	1	2
2	19.134332727638633	4.959778485917898	2	-1
0	19.264470858170196	4.801947381062346	0	1
1	19.264470858170196	0.7614372132787084	1	2
2	19.264470858170196	4.959489832216362	2	-1
0	19.394744940242386	4.800612469358603	0	1
1	19.394744940242386	0.7598131998586499	1	2
2	19.394744940242386	4.959200730500047	2	-1
0	19.52515503440382	4.799276515571181	0	1
1	19.52515503440382	0.7581876947440547	1	2
2	19.52515503440382	4.9589111791728735	2	-1
0	19.655701199146833	4.797939520721091	0	1
1	19.655701199146833	0.7565606973526782	1	2
2	19.655701199146833	4.9586211766315875	2	-1
0	19.786383491332842	4.796601485854882	0	1
1	19.786383491332842	0.7549322071196127	1	2
2	19.786383491332842	4.958330721264731	2	-1
0	19.917201973892134	4.795262411965891	0	1
1	19.917201973892134	0.7533022234013149	1	2
2	19.917201973892134	4.958039811435424	2	-1
0	20.048156699116866	4.79392230016534	0	1
1	20.048156699116866	0.7516707456837493	1	2
2	20.048156699116866	4.957748445518409	2	-1
0	20.17924772667209	4.792581151498027	0	1
1	20.17924772667209	0.7500377733579331	1	2
2	20.17924772667209	4.957456621859906	2	-1
0	20.310475114263163	4.791238967037937	0	1
1	20.310475114263163	0.7484033058361934	1	2
2	20.310475114263163	4.957164338798257	2	-1
0	20.441838915665986	4.78989574790843	0	1
1	20.441838915665986	0.7467673425766543	1	2
2	20.441838915665986	4.9568715946682245	2	-1
0	20.573339188130042	4.788551495206596	0	1
1	20.573339188130042	0.7451298829909958	1	2
2	20.573339188130042	4.9565783877844005	2	-1
0	20.704975986495352	4.787206210063489	0	1
1	20.704975986495352	0.7434909265176932	1	2
2	20.704975986495352	4.9562847164542045	2	-1
0	20.83674936853992	4.785859893589549	0	1
1	20.83674936853992	0.7418504725554023	1	2
2	20.83674936853992	4.955990578965853	2	-1
0	20.968659382953422	4.784512546997537	0	1
1	20.968659382953422	0.7402085206126374	1	2
2	20.968659382953422	4.9556959736151	2	-1
0	21.10070609055377	4.783164171385868	0	1
1	21.10070609055377	0.7385650700436268	1	2
2	21.10070609055377	4.955400898657759	2	-1
0	21.23288953977164	4.781814767989092	0	1
1	21.23288953977164	0.7369201203534366	1	2
2	21.23288953977164	4.9551053523643445	2	-1
0	21.36520978723863	4.780464337967711	0	1
1	21.36520978723863	0.7352736709416821	1	2
2	21.36520978723863	4.954809332973971	2	-1
0	21.497666886282403	4.779112882525743	0	1
1	21.497666886282403	0.7336257212456854	1	2
2	21.497666886282403	4.954512838719943	2	-1
0	21.630260886583272	4.777760402914256	0	1
1	21.630260886583272	0.7319762707446911	1	2
2	21.630260886583272	4.954215867830435	2	-1
0	21.762991841427542	4.776406900357451	0	1
1	21.762991841427542	0.73032531886959	1	2
2	21.762991841427542	4.9539184185121385	2	-1
0	21.895859801769944	4.775052376113308	0	1
1	21.895859801769944	0.7286728650767529	1	2
2	21.895859801769944	4.953620488963445	2	-1
0	22.028864819755505	4.773696831437755	0	1
1	22.028864819755505	0.7270189088041881	1	2
2	22.028864819755505	4.953322077366433	2	-1
0	22.162006946515497	4.772340267607221	0	1
1	22.162006946515497	0.7253634494989174	1	2
2	22.162006946515497	4.953023181891696	2	-1
0	22.29528622962032	4.770982685944647	0	1
1	22.29528622962032	0.7237064866486009	1	2
2	22.29528622962032	4.952723800703954	2	-1
0	22.4287027212562	4.769624087736271	0	1
1	22.4287027212562	0.7220480196798378	1	2
2	22.4287027212562	4.952423931943567	2	-1
0	22.562256469823456	4.768264474317298	0	1
1	22.562256469823456	0.7203880480625875	1	2
2	22.562256469823456	4.95212357374529	2	-1
0	22.695947523692418	4.766903847033716	0	1
1	22.695947523692418	0.7187265712634314	1	2
2	22.695947523692418	4.951822724229715	2	-1
0	22.829775927317566	4.765542207281914	0	1
1	22.829775927317566	0.7170635887938204	1	2
2	22.829775927317566	4.951521381511906	2	-1
0	22.963741733225408	4.764179556386798	0	1
1	22.963741733225408	0.7153991000610742	1	2
2	22.963741733225408	4.951219543674276	2	-1
0	23.097844988363168	4.762815895740792	0	1
1	23.097844988363168	0.7137331045379858	1	2
2	23.097844988363168	4.950917208797194	2	-1
0	23.232085738753852	4.761451226756536	0	1
1	23.232085738753852	0.7120656017049263	1	2
2	23.232085738753852	4.9506143749483895	2	-1
0	23.36646402860094	4.760085550876064	0	1
1	23.36646402860094	0.7103965910609169	1	2
2	23.36646402860094	4.950311040184853	2	-1
0	23.500979905526464	4.7587188695176525	0	1
1	23.500979905526464	0.7087260720585338	1	2
2	23.500979905526464	4.950007202540882	2	-1
0	23.635633415111393	4.757351184131418	0	1
1	23.635633415111393	0.7070540441716862	1	2
2	23.635633415111393	4.949702860040269	2	-1
0	23.77042459999303	4.755982496208546	0	1
1	23.77042459999303	0.7053805069067671	1	2
2	23.77042459999303	4.949398010698221	2	-1
0	23.905353507017594	4.754612807208741	0	1
1	23.905353507017594	0.703705459713805	1	2
2	23.905353507017594	4.9490926525050645	2	-1
0	24.04042017706073	4.753242118663681	0	1
1	24.04042017706073	0.7020289021128061	1	2
2	24.04042017706073	4.948786783449125	2	-1
0	24.17562465476227	4.75187043207828	0	1
1	24.17562465476227	0.700350833572855	1	2
2	24.17562465476227	4.948480401494575	2	-1
0	24.31096698169267	4.750497749000137	0	1
1	24.31096698169267	0.6986712535969044	1	2
2	24.31096698169267	4.948173504596767	2	-1
0	24.446447201173964	4.749124070970721	0	1
1	24.446447201173964	0.6969901616618923	1	2
2	24.446447201173964	4.947866090691172	2	-1
0	24.582065353899356	4.74774939956989	0	1
1	24.582065353899356	0.6953075572730643	1	2
2	24.582065353899356	4.947558157703175	2	-1
0	24.717821480062792	4.746373736394381	0	1
1	24.717821480062792	0.6936234399374914	1	2
2	24.717821480062792	4.94724970354311	2	-1
0	24.853715622063078	4.7449970830305155	0	1
1	24.853715622063078	0.6919378091304891	1	2
2	24.853715622063078	4.9469407260999745	2	-1
0	24.98974781751631	4.743619441125091	0	1
1	24.98974781751631	0.6902506643822508	1	2
2	24.98974781751631	4.94663122325716	2	-1
0	25.12591810737056	4.742240812303272	0	1
1	25.12591810737056	0.6885620051771442	1	2
2	25.12591810737056	4.946321192873872	2	-1
0	25.2622265327535	4.740861198200652	0	1
1	25.2622265327535	0.6868718309927813	1	2
2	25.2622265327535	4.946010632792129	2	-1
0	25.39867312648378	4.739480600549236	0	1
1	25.39867312648378	0.6851801414052137	1	2
2	25.39867312648378	4.945699540855978	2	-1
0	25.535257929694534	4.738099021009303	0	1
1	25.535257929694534	0.6834869358827667	1	2
2	25.535257929694534	4.945387914873464	2	-1
0	25.671980977802715	4.736716461311499	0	1
1	25.671980977802715	0.6817922139599562	1	2
2	25.671980977802715	4.9450757526484574	2	-1
0	25.808842307185245	4.735332923189384	0	1
1	25.808842307185245	0.6800959751546687	1	2
2	25.808842307185245	4.944763051965285	2	-1
0	25.945841955865266	4.733948408372624	0	1
1	25.945841955865266	0.6783982189596198	1	2
2	25.945841955865266	4.944449810586995	2	-1
0	26.082979956579337	4.732562918657164	0	1
1	26.082979956579337	0.6766989449282197	1	2
2	26.082979956579337	4.944136026271055	2	-1
0	26.220256344956137	4.731176455822665	0	1
1	26.220256344956137	0.6749981525731661	1	2
2	26.220256344956137	4.943821696750501	2	-1
0	26.357671155994655	4.729789021668225	0	1
1	26.357671155994655	0.673295841410047	1	2
2	26.357671155994655	4.943506819741822	2	-1
0	26.495224422122195	4.7284006180320794	0	1
1	26.495224422122195	0.6715920109813416	1	2
2	26.495224422122195	4.943191392949262	2	-1
0	26.632916177182427	4.727011246751453	0	1
1	26.632916177182427	0.6698866608069691	1	2
2	26.632916177182427	4.942875414055516	2	-1
0	26.770746451867904	4.725620909708762	0	1
1	26.770746451867904	0.6681797904408073	1	2
2	26.770746451867904	4.9425588807320455	2	-1
0	26.9087152793162	4.724229608775264	0	1
1	26.9087152793162	0.6664713994013374	1	2
2	26.9087152793162	4.942241790626072	2	-1
0	27.046822690422836	4.7228373458584665	0	1
1	27.046822690422836	0.6647614872296383	1	2
2	27.046822690422836	4.941924141371171	2	-1
0	27.185068715094285	4.721444122889585	0	1
1	27.185068715094285	0.663050053473814	1	2
2	27.185068715094285	4.941605930584229	2	-1
0	27.323453386377285	4.720049941782062	0	1
1	27.323453386377285	0.6613370976378268	1	2
2	27.323453386377285	4.941287155855766	2	-1
0	27.46197672944014	4.718654804542696	0	1
1	27.46197672944014	0.6596226193178376	1	2
2	27.46197672944014	4.940967814775141	2	-1
0	27.600638775460183	4.717258713131854	0	1
1	27.600638775460183	0.6579066180302506	1	2
2	27.600638775460183	4.9406479048983964	2	-1
0	27.739439550594547	4.715861669574677	0	1
1	27.739439550594547	0.6561890933481709	1	2
2	27.739439550594547	4.9403274237734935	2	-1
0	27.878379084028673	4.71446367588017	0	1
1	27.878379084028673	0.6544700448017458	1	2
2	27.878379084028673	4.940006368921576	2	-1
0	28.017457400143567	4.713064734120153	0	1
1	28.017457400143567	0.6527494719750289	1	2
2	28.017457400143567	4.939684737854876	2	-1
0	28.15667452681227	4.71166484634591	0	1
1	28.15667452681227	0.6510273744032742	1	2
2	28.15667452681227	4.939362528057365	2	-1
0	28.296030489749793	4.710264014645162	0	1
1	28.296030489749793	0.64930375164279	1	2
2	28.296030489749793	4.939039736997628	2	-1
0	28.435525314009347	4.708862241127145	0	1
1	28.435525314009347	0.6475786032523656	1	2
2	28.435525314009347	4.938716362125221	2	-1
0	28.5751590212003	4.707459527950672	0	1
1	28.5751590212003	0.6458519288276148	1	2
2	28.5751590212003	4.9383924008769435	2	-1
0	28.714931637011578	4.706055877248681	0	1
1	28.714931637011578	0.6441237279078833	1	2
2	28.714931637011578	4.938067850659202	2	-1
0	28.854843183568345	4.704651291205164	0	1
1	28.854843183568345	0.64239400007071	1	2
2	28.854843183568345	4.937742708865546	2	-1
0	28.99489368348459	4.703245772014585	0	1
1	28.99489368348459	0.640662744881654	1	2
2	28.99489368348459	4.937416972867069	2	-1
0	29.13508315684205	4.701839321912338	0	1
1	29.13508315684205	0.6389299619315851	1	2
2	29.13508315684205	4.937090640019247	2	-1
0	29.27541162723388	4.700431943114251	0	1
1	29.27541162723388	0.6371956507619183	1	2
2	29.27541162723388	4.936763707647668	2	-1
0	29.41587911140871	4.699023637920597	0	1
1	29.41587911140871	0.63545981099255	1	2
2	29.41587911140871	4.936436173071953	2	-1
0	29.556485629974716	4.6976144086088745	0	1
1	29.556485629974716	0.6337224421895016	1	2
2	29.556485629974716	4.936108033580627	2	-1
0	29.6972312032124	4.696204257475961	0	1
1	29.6972312032124	0.6319835439166166	1	2
2	29.6972312032124	4.935779286440655	2	-1
0	29.838115847801628	4.694793186871043	0	1
1	29.838115847801628	0.6302431157759303	1	2
2	29.838115847801628	4.935449928904887	2	-1
0	29.979139579615563	4.693381199167738	0	1
1	29.979139579615563	0.6285011573730808	1	2
2	29.979139579615563	4.935119958205343	2	-1
0	30.12030241887035	4.691968296712703	0	1
1	30.12030241887035	0.6267576682536409	1	2
2	30.12030241887035	4.934789371540938	2	-1
0	30.261604378421676	4.69055448194295	0	1
1	30.261604378421676	0.6250126480476146	1	2
2	30.261604378421676	4.9344581661046645	2	-1
0	30.40304547546906	4.6891397572688325	0	1
1	30.40304547546906	0.6232660963248087	1	2
2	30.40304547546906	4.934126339055976	2	-1
0	30.54462572640613	4.68772412512576	0	1
1	30.54462572640613	0.6215180126583779	1	2
2	30.54462572640613	4.933793887532619	2	-1
0	30.686345138941785	4.686307588053091	0	1
1	30.686345138941785	0.6197683967220242	1	2
2	30.686345138941785	4.933460808668934	2	-1
0	30.828203732306267	4.684890148492287	0	1
1	30.828203732306267	0.6180172480404602	1	2
2	30.828203732306267	4.933127099548173	2	-1
0	30.970201514917523	4.68347180901032	0	1
1	30.970201514917523	0.6162645662650719	1	2
2	30.970201514917523	4.932792757254752	2	-1
0	31.1123384999025	4.682052572144699	0	1
1	31.1123384999025	0.6145103509822345	1	2
2	31.1123384999025	4.932457778837535	2	-1
0	31.254614700867634	4.680632440445938	0	1
1	31.254614700867634	0.6127546017654701	1	2
2	31.254614700867634	4.9321221613195325	2	-1
0	31.39703012327775	4.679211416563741	0	1
1	31.39703012327775	0.6109973182817607	1	2
2	31.39703012327775	4.93178590171802	2	-1
0	31.539584780861233	4.677789503083435	0	1
1	31.539584780861233	0.609238500089031	1	2
2	31.539584780861233	4.931448997005596	2	-1
0	31.68227867919064	4.676366702689978	0	1
1	31.68227867919064	0.6074781468386883	1	2
2	31.68227867919064	4.93111144414871	2	-1
0	31.82511182761776	4.674943018049059	0	1
1	31.82511182761776	0.605716258128286	1	2
2	31.82511182761776	4.930773240079227	2	-1
0	31.968084231936313	4.673518451880437	0	1
1	31.968084231936313	0.6039528335919755	1	2
2	31.968084231936313	4.930434381711539	2	-1
0	32.111195902084745	4.67209300688136	0	1
1	32.111195902084745	0.6021878728054242	1	2
2	32.111195902084745	4.930094865924064	2	-1
0	32.25444684123139	4.670666685835476	0	1
1	32.25444684123139	0.6004213754203587	1	2
2	32.25444684123139	4.9297546895848825	2	-1
0	32.397837054550244	4.669239491525579	0	1
1	32.397837054550244	0.5986533410562562	1	2
2	32.397837054550244	4.929413849530677	2	-1
0	32.54136654601503	4.6678114267657165	0	1
1	32.54136654601503	0.5968837693398061	1	2
2	32.54136654601503	4.92907234257409	2	-1
0	32.68503532268528	4.666382494358749	0	1
1	32.68503532268528	0.5951126598519982	1	2
2	32.68503532268528	4.928730165493249	2	-1
0	32.82884338350647	4.664952697207934	0	1
1	32.82884338350647	0.5933400122661192	1	2
2	32.82884338350647	4.928387315058186	2	-1
0	32.972790732054854	4.663522038190327	0	1
1	32.972790732054854	0.591565826190553	1	2
2	32.972790732054854	4.928043788000226	2	-1
0	33.11687736938537	4.662090520228117	0	1
1	33.11687736938537	0.5897901012568738	1	2
2	33.11687736938537	4.927699581028757	2	-1
0	33.26110329462077	4.660658146282927	0	1
1	33.26110329462077	0.5880128371124989	1	2
2	33.26110329462077	4.9273546908295724	2	-1
0	33.40546850961487	4.659224919309704	0	1
1	33.40546850961487	0.5862340333631453	1	2
2	33.40546850961487	4.927009114053441	2	-1
0	33.54997301225182	4.6577908423234575	0	1
1	33.54997301225182	0.5844536896553221	1	2
2	33.54997301225182	4.9266628473318645	2	-1
0	33.69461680099049	4.656355918354327	0	1
1	33.69461680099049	0.5826718056202482	1	2
2	33.69461680099049	4.926315887265922	2	-1
0	33.83939987234564	4.654920150472778	0	1
1	33.83939987234564	0.5808883809048084	1	2
2	33.83939987234564	4.925968230432031	2	-1
0	33.9843222240065	4.653483541758872	0	1
1	33.9843222240065	0.5791034151330492	1	2
2	33.9843222240065	4.925619873374177	2	-1
0	34.12938385183408	4.652046095332259	0	1
1	34.12938385183408	0.5773169079430875	1	2
2	34.12938385183408	4.925270812610829	2	-1
0	34.274584750938835	4.6506078143416865	0	1
1	34.274584750938835	0.5755288589737515	1	2
2	34.274584750938835	4.924921044632065	2	-1
0	34.419924915075875	4.649168701971202	0	1
1	34.419924915075875	0.5737392678719377	1	2
2	34.419924915075875	4.924570565900736	2	-1
0	34.565404339053785	4.647728761416511	0	1
1	34.565404339053785	0.5719481342628701	1	2
2	34.565404339053785	4.92421937284636	2	-1
0	34.711023013666804	4.646287995935362	0	1
1	34.711023013666804	0.5701554578124073	1	2
2	34.711023013666804	4.9238674618770455	2	-1
0	34.85678093438461	4.644846408761772	0	1
1	34.85678093438461	0.568361238119973	1	2
2	34.85678093438461	4.923514829358201	2	-1
0	35.00267808709197	4.643404003247312	0	1
1	35.00267808709197	0.5665654748940132	1	2
2	35.00267808709197	4.923161471646702	2	-1
0	35.14871446815954	4.64196078266284	0	1
1	35.14871446815954	0.564768167704853	1	2
2	35.14871446815954	4.922807385042013	2	-1
0	35.294890061328054	4.640516750427264	0	1
1	35.294890061328054	0.5629693162691205	1	2
2	35.294890061328054	4.922452565841857	2	-1
0	35.44120486132505	4.639071909874368	0	1
1	35.44120486132505	0.5611689201589987	1	2
2	35.44120486132505	4.922097010284631	2	-1
0	35.58765885094992	4.637626264479424	0	1
1	35.58765885094992	0.5593669790841291	1	2
2	35.58765885094992	4.921740714604705	2	-1
0	35.734252021577085	4.636179817656943	0	1
1	35.734252021577085	0.5575634926392228	1	2
2	35.734252021577085	4.9213836749822795	2	-1
0	35.88098435797704	4.634732572910781	0	1
1	35.88098435797704	0.5557584604907344	1	2
2	35.88098435797704	4.921025887579954	2	-1
0	36.027855847915475	4.633284533739638	0	1
1	36.027855847915475	0.5539518822586658	1	2
2	36.027855847915475	4.920667348519028	2	-1
0	36.17486647302083	4.63183570372737	0	1
1	36.17486647302083	0.5521437576288117	1	2
2	36.17486647302083	4.920308053901441	2	-1
0	36.32201622194262	4.630386086413527	0	1
1	36.32201622194262	0.5503340861908113	1	2
2	36.32201622194262	4.919947999777285	2	-1
0	36.46930507388753	4.628935685455847	0	1
1	36.46930507388753	0.5485228676405463	1	2
2	36.46930507388753	4.919587182184699	2	-1
0	36.616733014357855	4.627484504475456	0	1
1	36.616733014357855	0.5467101015864806	1	2
2	36.616733014357855	4.919225597111025	2	-1
0	36.764300026486566	4.626032547142508	0	1
1	36.764300026486566	0.5448957876561309	1	2
2	36.764300026486566	4.918863240513623	2	-1
0	36.91200608857925	4.624579817200578	0	1
1	36.91200608857925	0.5430799255261691	1	2
2	36.91200608857925	4.918500108325591	2	-1
0	37.0598511829253	4.623126318380246	0	1
1	37.0598511829253	0.541262514813996	1	2
2	37.0598511829253	4.918136196433751	2	-1
0	37.20783528906354	4.621672054465622	0	1
1	37.20783528906354	0.5394435551604309	1	2
2	37.20783528906354	4.91777150069481	2	-1
0	37.35595838586117	4.620217029274162	0	1
1	37.35595838586117	0.5376230462040485	1	2
2	37.35595838586117	4.9174060169298865	2	-1
0	37.50422045040557	4.618761246667831	0	1
1	37.50422045040557	0.5358009875946923	1	2
2	37.50422045040557	4.917039740926861	2	-1
0	37.65262146439848	4.617304710490606	0	1
1	37.65262146439848	0.5339773789147904	1	2
2	37.65262146439848	4.916672668424185	2	-1
0	37.80116139902169	4.615847424717325	0	1
1	37.80116139902169	0.5321522198652278	1	2
2	37.80116139902169	4.916304795147903	2	-1
0	37.94984023351787	4.614389393271596	0	1
1	37.94984023351787	0.53032551003691	1	2
2	37.94984023351787	4.915936116765314	2	-1
0	38.09865794362005	4.612930620139664	0	1
1	38.09865794362005	0.5284972490528341	1	2
2	38.09865794362005	4.9155666289131705	2	-1
0	38.24761450240424	4.611471109362299	0	1
1	38.24761450240424	0.5266674365574944	1	2
2	38.24761450240424	4.915196327195195	2	-1
0	38.3967098855974	4.61001086498308	0	1
1	38.3967098855974	0.5248360721515604	1	2
2	38.3967098855974	4.91482520716848	2	-1
0	38.5459440660189	4.608549891103176	0	1
1	38.5459440660189	0.5230031554600512	1	2
2	38.5459440660189	4.914453264356875	2	-1
0	38.69531701778249	4.607088191840496	0	1
1	38.69531701778249	0.5211686860806024	1	2
2	38.69531701778249	4.914080494240107	2	-1
0	38.844828712582334	4.605625771366366	0	1
1	38.844828712582334	0.5193326636289712	1	2
2	38.844828712582334	4.913706892262605	2	-1
0	38.994479117202786	4.604162633930156	0	1
1	38.994479117202786	0.5174950877694826	1	2
2	38.994479117202786	4.913332453839326	2	-1
0	39.144268209153275	4.602698783706742	0	1
1	39.144268209153275	0.515655958022931	1	2
2	39.144268209153275	4.9129571743161895	2	-1
0	39.29419595557164	4.601234225003118	0	1
1	39.29419595557164	0.5138152740255153	1	2
2	39.29419595557164	4.912581049022397	2	-1
0	39.44426232339179	4.599768962159264	0	1
1	39.44426232339179	0.5119730354038525	1	2
2	39.44426232339179	4.912204073244588	2	-1
0	39.59446728557227	4.598302999487714	0	1
1	39.59446728557227	0.5101292416984027	1	2
2	39.59446728557227	4.911826242210688	2	-1
0	39.74481080765398	4.59683634140515	0	1
1	39.74481080765398	0.5082838925283677	1	2
2	39.74481080765398	4.911447551123217	2	-1
0	39.895292859090134	4.595368992322144	0	1
1	39.895292859090134	0.5064369874524797	1	2
2	39.895292859090134	4.9110679951303355	2	-1
0	40.045913406141885	4.593900956712843	0	1
1	40.045913406141885	0.504588526056081	1	2
2	40.045913406141885	4.910687569343239	2	-1
0	40.19667241536821	4.592432239081271	0	1
1	40.19667241536821	0.5027385079081599	1	2
2	40.19667241536821	4.910306268826889	2	-1
0	40.347569852126384	4.590962843976315	0	1
1	40.347569852126384	0.5008869325796228	1	2
2	40.347569852126384	4.909924088603308	2	-1
0	40.4986056835746	4.589492775962859	0	1
1	40.4986056835746	0.49903379960632277	1	2
2	40.4986056835746	4.909541023643463	2	-1
0	40.64977987491862	4.5880220396587195	0	1
1	40.64977987491862	0.49717910853498326	1	2
2	40.64977987491862	4.909157068876263	2	-1
0	40.801092388276295	4.5865506397460285	0	1
1	40.801092388276295	0.4953228589369867	1	2
2	40.801092388276295	4.908772219190959	2	-1
0	40.95254319045415	4.5850785808959955	0	1
1	40.95254319045415	0.4934650503128375	1	2
2	40.95254319045415	4.9083864694168415	2	-1
0	41.104132244291655	4.583605867853489	0	1
1	41.104132244291655	0.4916056821982142	1	2
2	41.104132244291655	4.907999814344725	2	-1
0	41.25585951191914	4.582132505405724	0	1
1	41.25585951191914	0.4897447541238593	1	2
2	41.25585951191914	4.907612248718136	2	-1
0	41.407724958156535	4.58065849834968	0	1
1	41.407724958156535	0.48788226557375536	1	2
2	41.407724958156535	4.907223767224075	2	-1
0	41.55972854409558	4.579183851554833	0	1
1	41.55972854409558	0.4860182160636972	1	2
2	41.55972854409558	4.906834364508864	2	-1
0	41.71187023238622	4.577708569912243	0	1
1	41.71187023238622	0.48415260507631475	1	2
2	41.71187023238622	4.906444035164071	2	-1
0	41.86414998749584	4.576232658332511	0	1
1	41.86414998749584	0.48228543205775365	1	2
2	41.86414998749584	4.906052773725243	2	-1
0	42.016567768638886	4.57475612181474	0	1
1	42.016567768638886	0.4804166965042258	1	2
2	42.016567768638886	4.905660574689486	2	-1
0	42.16912353507213	4.573278965395593	0	1
1	42.16912353507213	0.4785463978969213	1	2
2	42.16912353507213	4.9052674325013275	2	-1
0	42.321817251034076	4.571801194101958	0	1
1	42.321817251034076	0.47667453564130957	1	2
2	42.321817251034076	4.904873341539351	2	-1
0	42.47464887499155	4.570322813055515	0	1
1	42.47464887499155	0.4748011091988231	1	2
2	42.47464887499155	4.904478296143308	2	-1
0	42.627618373573156	4.56884382733838	0	1
1	42.627618373573156	0.47292611791589767	1	2
2	42.627618373573156	4.904082290577517	2	-1
0	42.78072570039711	4.567364242198327	0	1
1	42.78072570039711	0.47104956128333964	1	2
2	42.78072570039711	4.903685319085013	2	-1
0	42.93397082118638	4.565884062806427	0	1
1	42.93397082118638	0.46917143862832456	1	2
2	42.93397082118638	4.903287375821897	2	-1
0	43.087353693971664	4.5644032944489	0	1
1	43.087353693971664	0.46729174935688533	1	2
2	43.087353693971664	4.902888454907986	2	-1
0	43.240874279503664	4.562921942426976	0	1
1	43.240874279503664	0.46541049282613667	1	2
2	43.240874279503664	4.902488550399161	2	-1
0	43.39453253922517	4.561440012077013	0	1
1	43.39453253922517	0.4635276683689664	1	2
2	43.39453253922517	4.902087656291952	2	-1
0	43.54832843310651	4.559957508791886	0	1
1	43.54832843310651	0.4616432753203945	1	2
2	43.54832843310651	4.90168576652851	2	-1
0	43.702261924491765	4.558474437974777	0	1
1	43.702261924491765	0.4597573129580299	1	2
2	43.702261924491765	4.901282874983252	2	-1
0	43.856332971807575	4.556990805119614	0	1
1	43.856332971807575	0.45786978060348016	1	2
2	43.856332971807575	4.900878975483866	2	-1
0	44.0105415368582	4.555506615731655	0	1
1	44.0105415368582	0.4559806775205537	1	2
2	44.0105415368582	4.900474061788898	2	-1
0	44.164887582918745	4.554021875346451	0	1
1	44.164887582918745	0.45409000293844937	1	2
2	44.164887582918745	4.900068127591998	2	-1
0	44.31937107358853	4.55253658954145	0	1
1	44.31937107358853	0.4521977560656314	1	2
2	44.31937107358853	4.899661166524181	2	-1
0	44.47399196715189	4.551050763990742	0	1
1	44.47399196715189	0.4503039361587202	1	2
2	44.47399196715189	4.899253172167978	2	-1
0	44.62875022939272	4.549564404342437	0	1
1	44.62875022939272	0.44840854236535055	1	2
2	44.62875022939272	4.898844138022913	2	-1
0	44.78364582411764	4.548077516310383	0	1
1	44.78364582411764	0.446511573840068	1	2
2	44.78364582411764	4.898434057529685	2	-1
0	44.93867871276428	4.5465901056784475	0	1
1	44.93867871276428	0.4446130297489379	1	2
2	44.93867871276428	4.8980229240704904	2	-1
0	45.09384886314299	4.545102178217251	0	1
1	45.09384886314299	0.44271290916229944	1	2
2	45.09384886314299	4.897610730945049	2	-1
0	45.249156238642996	4.543613739788346	0	1
1	45.249156238642996	0.44081121118676414	1	2
2	45.249156238642996	4.897197471398419	2	-1
0	45.40460080685339	4.54212479626216	0	1
1	45.40460080685339	0.43890793485945157	1	2
2	45.40460080685339	4.896783138597292	2	-1
0	45.56018253532168	4.540635353559315	0	1
1	45.56018253532168	0.4370030791997319	1	2
2	45.56018253532168	4.896367725640417	2	-1
0	45.71590139387868	4.5391454176290225	0	1
1	45.71590139387868	0.43509664318056807	1	2
2	45.71590139387868	4.895951225551546	2	-1
0	45.8717573477982	4.537654994515171	0	1
1	45.8717573477982	0.433188625812055	1	2
2	45.8717573477982	4.895533631296884	2	-1
0	46.0277503718803	4.536164090222295	0	1
1	46.0277503718803	0.4312790259688031	1	2
2	46.0277503718803	4.895114935746507	2	-1
0	46.18388043546868	4.534672710859563	0	1
1	46.18388043546868	0.4293678425731553	1	2
2	46.18388043546868	4.8946951317135925	2	-1
0	46.34014751150221	4.533180862554914	0	1
1	46.34014751150221	0.4274550744841701	1	2
2	46.34014751150221	4.894274211929256	2	-1
0	46.496551577695506	4.531688551444578	0	1
1	46.496551577695506	0.42554072048296465	1	2
2	46.496551577695506	4.893852169038387	2	-1
0	46.65309260889849	4.530195783746727	0	1
1	46.65309260889849	0.4236247793660217	1	2
2	46.65309260889849	4.893428995619295	2	-1
0	46.80977058345267	4.528702565701551	0	1
1	46.80977058345267	0.42170724986717145	1	2
2	46.80977058345267	4.8930046841656205	2	-1
0	46.96658548177387	4.527208903585558	0	1
1	46.96658548177387	0.41978813067471776	1	2
2	46.96658548177387	4.89257922708916	2	-1
0	47.123537283367114	4.525714803740769	0	1
1	47.123537283367114	0.4178674204677493	1	2
2	47.123537283367114	4.89215261672698	2	-1
0	47.28062597437854	4.524220272503606	0	1
1	47.28062597437854	0.4159451178234912	1	2
2	47.28062597437854	4.891724845319885	2	-1
0	47.437851541883354	4.522725316260124	0	1
1	47.437851541883354	0.41402122128698426	1	2
2	47.437851541883354	4.89129590502686	2	-1
0	47.59521397206309	4.52122994146412	0	1
1	47.59521397206309	0.41209572939314887	1	2
2	47.59521397206309	4.8908657879290285	2	-1
0	47.75271325568783	4.519734154585834	0	1
1	47.75271325568783	0.41016864059946734	1	2
2	47.75271325568783	4.890434486013634	2	-1
0	47.91034938643366	4.518237962128834	0	1
1	47.91034938643366	0.40823995330633256	1	2
2	47.91034938643366	4.890001991177498	2	-1
0	48.06812236403285	4.516741370601037	0	1
1	48.06812236403285	0.406309665818263	1	2
2	48.06812236403285	4.889568295217226	2	-1
0	48.22603218578527	4.51524438659614	0	1
1	48.22603218578527	0.40437777644751716	1	2
2	48.22603218578527	4.889133389851377	2	-1
0	48.384078853364485	4.513747016729927	0	1
1	48.384078853364485	0.4024442834305617	1	2
2	48.384078853364485	4.8886972667006345	2	-1
0	48.54226237427614	4.512249267627438	0	1
1	48.54226237427614	0.40050918490998466	1	2
2	48.54226237427614	4.8882599172825465	2	-1
0	48.70058275597165	4.510751145979681	0	1
1	48.70058275597165	0.3985724790062415	1	2
2	48.70058275597165	4.88782133302656	2	-1
0	48.85904001268016	4.509252658479922	0	1
1	48.85904001268016	0.39663416373382	1	2
2	48.85904001268016	4.887381505253898	2	-1
0	49.017634161356135	4.507753811863067	0	1
1	49.017634161356135	0.3946942370505435	1	2
2	49.017634161356135	4.886940425187477	2	-1
0	49.17636522484768	4.506254612876731	0	1
1	49.17636522484768	0.3927526968185475	1	2
2	49.17636522484768	4.886498083941816	2	-1
0	49.335233225858175	4.504755068339328	0	1
1	49.335233225858175	0.3908095408778589	1	2
2	49.335233225858175	4.886054472538531	2	-1
0	49.49423819749262	4.503255185041549	0	1
1	49.49423819749262	0.3888647669171208	1	2
2	49.49423819749262	4.885609581875571	2	-1
0	49.65338017273817	4.501754969846773	0	1
1	49.65338017273817	0.3869183726019738	1	2
2	49.65338017273817	4.885163402755201	2	-1
0	49.81265919225539	4.500254429618665	0	1
1	49.81265919225539	0.38497035547946945	1	2
2	49.81265919225539	4.884715925860805	2	-1
0	49.97207530136498	4.498753571250767	0	1
1	49.97207530136498	0.3830207130146315	1	2
2	49.97207530136498	4.884267141763864	2	-1
0	50.13162855297419	4.4972524016401305	0	1
1	50.13162855297419	0.38106944255436703	1	2
2	50.13162855297419	4.883817040914236	2	-1
0	50.29131900164515	4.4957509277443375	0	1
1	50.29131900164515	0.37911654139970086	1	2
2	50.29131900164515	4.883365613655364	2	-1
0	50.45114671234642	4.4942491565004	0	1
1	50.45114671234642	0.37716200669844024	1	2
2	50.45114671234642	4.88291285019804	2	-1
0	50.61111175253128	4.492747094900523	0	1
1	50.61111175253128	0.37520583554173204	1	2
2	50.61111175253128	4.882458740641209	2	-1
0	50.771214203429125	4.4912447498873505	0	1
1	50.771214203429125	0.3732480248256622	1	2
2	50.771214203429125	4.882003274938311	2	-1
0	50.93145414574461	4.489742128489582	0	1
1	50.93145414574461	0.3712885714258096	1	2
2	50.93145414574461	4.881546442936227	2	-1
0	51.09183167268655	4.488239237701036	0	1
1	51.09183167268655	0.369327472037583	1	2
2	51.09183167268655	4.881088234336547	2	-1
0	51.25234688415521	4.486736084536627	0	1
1	51.25234688415521	0.3673647232469639	1	2
2	51.25234688415521	4.880628638710338	2	-1
0	51.41299988716468	4.48523267602981	0	1
1	51.41299988716468	0.3654003215249939	1	2
2	51.41299988716468	4.880167645495185	2	-1
0	51.57379080026638	4.483729019192667	0	1
1	51.57379080026638	0.3634342631733287	1	2
2	51.57379080026638	4.879705243980662	2	-1
0	51.73471974971913	4.482225121053291	0	1
1	51.73471974971913	0.36146654437071213	1	2
2	51.73471974971913	4.8792414233174215	2	-1
0	51.89578687138494	4.480720988639595	0	1
1	51.89578687138494	0.3594971611494229	1	2
2	51.89578687138494	4.878776172509828	2	-1
0	52.05699231584051	4.479216628933229	0	1
1	52.05699231584051	0.3575261093324027	1	2
2	52.05699231584051	4.8783094803991744	2	-1
0	52.21833623505064	4.477712048995607	0	1
1	52.21833623505064	0.355553384695817	1	2
2	52.21833623505064	4.87784133570021	2	-1
0	52.37981880058082	4.476207255799631	0	1
1	52.37981880058082	0.3535789827459741	1	2
2	52.37981880058082	4.877371726946343	2	-1
0	52.54144019013038	4.474702256357072	0	1
1	52.54144019013038	0.35160289888358776	1	2
2	52.54144019013038	4.876900642526516	2	-1
0	52.703200597611776	4.473197057626413	0	1
1	52.703200597611776	0.3496251282801275	1	2
2	52.703200597611776	4.876428070653715	2	-1
0	52.86510022944758	4.4716916665492406	0	1
1	52.86510022944758	0.34764566592267787	1	2
2	52.86510022944758	4.875953999373437	2	-1
0	53.02713930541921	4.470186090044247	0	1
1	53.02713930541921	0.3456645066031321	1	2
2	53.02713930541921	4.8754784165588845	2	-1
0	53.189318059384924	4.468680335002509	0	1
1	53.189318059384924	0.343681644908977	1	2
2	53.189318059384924	4.875001309906468	2	-1
0	53.35163674417279	4.467174408244117	0	1
1	53.35163674417279	0.3416970751630215	1	2
2	53.35163674417279	4.874522666918905	2	-1
0	53.514095617637516	4.4656683166496	0	1
1	53.514095617637516	0.33971079159341366	1	2
2	53.514095617637516	4.874042474943813	2	-1
0	53.67669496492143	4.464162066955554	0	1
1	53.67669496492143	0.3377227880609972	1	2
2	53.67669496492143	4.873560721105443	2	-1
0	53.83943508788926	4.462655665854985	0	1
1	53.83943508788926	0.33573305818800625	1	2
2	53.83943508788926	4.8730773923330215	2	-1
0	54.00231629816335	4.4611491200639595	0	1
1	54.00231629816335	0.3337415954427274	1	2
2	54.00231629816335	4.8725924753787675	2	-1
0	54.16533893864852	4.459642436124797	0	1
1	54.16533893864852	0.33174839287582003	1	2
2	54.16533893864852	4.872105956751023	2	-1
0	54.328503363077694	4.458135620597752	0	1
1	54.328503363077694	0.32975344336988144	1	2
2	54.328503363077694	4.871617822772129	2	-1
0	54.49180995067296	4.456628679927957	0	1
1	54.49180995067296	0.32775673945966144	1	2
2	54.49180995067296	4.871128059531705	2	-1
0	54.65525910067821	4.455121620498565	0	1
1	54.65525910067821	0.32575827339836305	1	2
2	54.65525910067821	4.870636652899798	2	-1
0	54.818851240160924	4.453614448561505	0	1
1	54.818851240160924	0.3237580370616864	1	2
2	54.818851240160924	4.870143588500181	2	-1
0	54.98258681474263	4.452107170325721	0	1
1	54.98258681474263	0.3217560220605895	1	2
2	54.98258681474263	4.869648851734868	2	-1
0	55.1464663006221	4.45059979184928	0	1
1	55.1464663006221	0.3197522195936866	1	2
2	55.1464663006221	4.869152427744407	2	-1
0	55.31049019638782	4.449092319117745	0	1
1	55.31049019638782	0.3177466205467474	1	2
2	55.31049019638782	4.868654301429003	2	-1
0	55.474659035076904	4.447584757936389	0	1
1	55.474659035076904	0.3157392153446139	1	2
2	55.474659035076904	4.868154457408225	2	-1
0	55.63897337639643	4.446077114004968	0	1
1	55.63897337639643	0.31372999404566837	1	2
2	55.63897337639643	4.8676528800407	2	-1
0	55.80343380968355	4.444569392893779	0	1
1	55.80343380968355	0.31171894630496544	1	2
2	55.80343380968355	4.867149553411186	2	-1
0	55.968040964659615	4.443061599948572	0	1
1	55.968040964659615	0.3097060612420419	1	2
2	55.968040964659615	4.86664446129347	2	-1
0	56.132795494637115	4.441553740448023	0	1
1	56.132795494637115	0.30769132764555174	1	2
2	56.132795494637115	4.866137587197529	2	-1
0	56.29769809985307	4.440045819393739	0	1
1	56.29769809985307	0.3056747336871988	1	2
2	56.29769809985307	4.86562891429346	2	-1
0	56.46274951368198	4.438537841640424	0	1
1	56.46274951368198	0.3036562670895724	1	2
2	56.46274951368198	4.865118425449148	2	-1
0	56.627950514404375	4.437029811792295	0	1
1	56.627950514404375	0.30163591498143916	1	2
2	56.627950514404375	4.8646061031891445	2	-1
0	56.793301918108284	4.435521734272137	0	1
1	56.793301918108284	0.2996136639837408	1	2
2	56.793301918108284	4.864091929711604	2	-1
0	56.95880458734256	4.4340136132466395	0	1
1	56.95880458734256	0.2975895001029234	1	2
2	56.95880458734256	4.863575886856284	2	-1
0	57.12445943678973	4.432505452579349	0	1
1	57.12445943678973	0.2955634086606791	1	2
2	57.12445943678973	4.86305795608133	2	-1
0	57.29026742631666	4.4309972558987685	0	1
1	57.29026742631666	0.29353537437802935	1	2
2	57.29026742631666	4.862538118479261	2	-1
0	57.45622956693241	4.429489026548955	0	1
1	57.45622956693241	0.29150538130152004	1	2
2	57.45622956693241	4.862016354752566	2	-1
0	57.62234692898054	4.427980767520249	0	1
1	57.62234692898054	0.2894734127020384	1	2
2	57.62234692898054	4.86149264518179	2	-1
0	57.78862064099594	4.4264724814651535	0	1
1	57.78862064099594	0.2874394510877716	1	2
2	57.78862064099594	4.860966969622618	2	-1
0	57.95505189546073	4.424964170651785	0	1
1	57.95505189546073	0.28540347813274103	1	2
2	57.95505189546073	4.860439307480956	2	-1
0	58.12164194533393	4.423455837001228	0	1
1	58.12164194533393	0.28336547471815	1	2
2	58.12164194533393	4.859909637716922	2	-1
0	58.28839211426005	4.42194748200116	0	1
1	58.28839211426005	0.2813254208063558	1	2
2	58.28839211426005	4.859377938805196	2	-1
0	58.45530379838676	4.420439106695932	0	1
1	58.45530379838676	0.27928329541743047	1	2
2	58.45530379838676	4.858844188721498	2	-1
0	58.62237847775848	4.418930711590466	0	1
1	58.62237847775848	0.2772390764885069	1	2
2	58.62237847775848	4.858308364898042	2	-1
0	58.789617700027314	4.417422296804459	0	1
1	58.789617700027314	0.2751927410717725	1	2
2	58.789617700027314	4.857770444267313	2	-1
0	58.957023119217816	4.415913861730061	0	1
1	58.957023119217816	0.27314426485878496	1	2
2	58.957023119217816	4.857230403128724	2	-1
0	59.12459646018576	4.414405405360322	0	1
1	59.12459646018576	0.2710936226139218	1	2
2	59.12459646018576	4.8566882172536	2	-1
0	59.292339555680776	4.412896925963333	0	1
1	59.292339555680776	0.2690407877193688	1	2
2	59.292339555680776	4.856143861756036	2	-1
0	59.46025433638525	4.411388421180778	0	1
1	59.46025433638525	0.26698573229542566	1	2
2	59.46025433638525	4.855597311114648	2	-1
0	59.628342848801616	4.409879887876342	0	1
1	59.628342848801616	0.2649284269799388	1	2
2	59.628342848801616	4.8550485391035965	2	-1
0	59.796607248674626	4.4083713222045375	0	1
1	59.796607248674626	0.2628688410070583	1	2
2	59.796607248674626	4.85449751880252	2	-1
0	59.965049814795314	4.4068627194969325	0	1
1	59.965049814795314	0.2608069420364605	1	2
2	59.965049814795314	4.8539442225395275	2	-1
0	60.13367295687711	4.405354074202394	0	1
1	60.13367295687711	0.2587426960550041	1	2
2	60.13367295687711	4.85338862185261	2	-1
0	60.30247922040896	4.403845379855022	0	1
1	60.30247922040896	0.25667606731528636	1	2
2	60.30247922040896	4.852830687460266	2	-1
0	60.47147130529655	4.402336628919586	0	1
1	60.47147130529655	0.2546070181052773	1	2
2	60.47147130529655	4.8522703891856915	2	-1
0	60.64065205767115	4.40082781287749	0	1
1	60.64065205767115	0.25253550884632414	1	2
2	60.64065205767115	4.851707695968834	2	-1
0	60.81002450004972	4.3993189219710835	0	1
1	60.81002450004972	0.2504614977214805	1	2
2	60.81002450004972	4.851142575750397	2	-1
0	60.97959182848109	4.397809945243674	0	1
1	60.97959182848109	0.24838494070787487	1	2
2	60.97959182848109	4.850574995464202	2	-1
0	61.14935743013684	4.39630087039809	0	1
1	61.14935743013684	0.2463057913586022	1	2
2	61.14935743013684	4.850004920960513	2	-1
0	61.31932489144598	4.394791683740557	0	1
1	61.31932489144598	0.24422400070021943	1	2
2	61.31932489144598	4.849432316959661	2	-1
0	61.48949802044414	4.393282369999467	0	1
1	61.48949802044414	0.2421395169559597	1	2
2	61.48949802044414	4.848857146956493	2	-1
0	61.659880852611764	4.391772912292084	0	1
1	61.659880852611764	0.24005228547095392	1	2
2	61.659880852611764	4.84827937317887	2	-1
0	61.83047767478703	4.390263291932233	0	1
1	61.83047767478703	0.23796224841582347	1	2
2	61.83047767478703	4.84769895648359	2	-1
0	62.00129303396863	4.388753488373403	0	1
1	62.00129303396863	0.23586934467512588	1	2
2	62.00129303396863	4.847115856301723	2	-1
0	62.172331771807535	4.38724347892627	0	1
1	62.172331771807535	0.23377350942078223	1	2
2	62.172331771807535	4.846530030494512	2	-1
0	62.34359902825042	4.385733238750799	0	1
1	62.34359902825042	0.23167467406315412	1	2
2	62.34359902825042	4.845941435312355	2	-1
0	62.51510027905267	4.3842227405510705	0	1
1	62.51510027905267	0.2295727657867932	1	2
2	62.51510027905267	4.845350025235722	2	-1
0	62.68684134896678	4.382711954487007	0	1
1	62.68684134896678	0.22746770738387934	1	2
2	62.68684134896678	4.844755752896871	2	-1
0	62.85882844742535	4.38120084789015	0	1
1	62.85882844742535	0.225359416811592	1	2
2	62.85882844742535	4.844158568921443	2	-1
0	63.03106820031909	4.379689385016778	0	1
1	63.03106820031909	0.22324780679684775	1	2
2	63.03106820031909	4.843558421780069	2	-1
0	63.20356767370031	4.378177526874697	0	1
1	63.20356767370031	0.22113278453954566	1	2
2	63.20356767370031	4.8429552576648485	2	-1
0	63.376334426702066	4.376665230796946	0	1
1	63.376334426702066	0.21901425105707517	1	2
2	63.376334426702066	4.842349020260129	2	-1
0	63.54937652997078	4.375152450321359	0	1
1	63.54937652997078	0.21689210095104405	1	2
2	63.54937652997078	4.841739650629686	2	-1
0	63.72270262943683	4.373639134676893	0	1
1	63.72270262943683	0.21476622161741243	1	2
2	63.72270262943683	4.84112708694052	2	-1
0	63.896321989950444	4.37212522845098	0	1
1	63.896321989950444	0.212636492702722	1	2
2	63.896321989950444	4.840511264251742	2	-1
0	64.07024455117521	4.370610671154548	0	1
1	64.07024455117521	0.21050278540914835	1	2
2	64.07024455117521	4.839892114254599	2	-1
0	64.24448097897364	4.369095396831602	0	1
1	64.24448097897364	0.2083649618539356	1	2
2	64.24448097897364	4.839269565022333	2	-1
0	64.4190427573454	4.367579333322092	0	1
1	64.4190427573454	0.20622287393020988	1	2
2	64.4190427573454	4.838643540608118	2	-1
0	64.59394223777633	4.366062401902236	0	1
1	64.59394223777633	0.2040763626891149	1	2
2	64.59394223777633	4.838013960786879	2	-1
0	64.7691927490405	4.364544516407199	0	1
1	64.7691927490405	0.20192525697880548	1	2
2	64.7691927490405	4.837380740571605	2	-1
0	64.94480868089272	4.363025582589613	0	1
1	64.94480868089272	0.19976937240224402	1	2
2	64.94480868089272	4.836743789812631	2	-1
0	65.12080560290325	4.361505497183462	0	1
1	65.12080560290325	0.19760850984191958	1	2
2	65.12080560290325	4.836103012658458	2	-1
0	65.2972003789799	4.359984147016743	0	1
1	65.2972003789799	0.19544245403547844	1	2
2	65.2972003789799	4.835458307018736	2	-1
0	65.47401131946896	4.358461407812483	0	1
1	65.47401131946896	0.1932709716876695	1	2
2	65.47401131946896	4.8348095638751865	2	-1
0	65.65125833843545	4.356937142960338	0	1
1	65.65125833843545	0.1910938095159942	1	2
2	65.65125833843545	4.834156666555656	2	-1
0	65.82896313865727	4.355411202066504	0	1
1	65.82896313865727	0.1889106919529473	1	2
2	65.82896313865727	4.833499489886443	2	-1
0	66.00714943327576	4.353883419208515	0	1
1	66.00714943327576	0.1867213183944072	1	2
2	66.00714943327576	4.8328378991858925	2	-1
0	66.18584318456163	4.352353611066285	0	1
1	66.18584318456163	0.18452536023360988	1	2
2	66.18584318456163	4.832171749167325	2	-1
0	66.36507290275455	4.350821574565053	0	1
1	66.36507290275455	0.18232245715214201	1	2
2	66.36507290275455	4.831500882587089	2	-1
0	66.54486997005806	4.349287084334791	0	1
1	66.54486997005806	0.18011221309607528	1	2
2	66.54486997005806	4.830825128761284	2	-1
0	66.7252690550018	4.3477498894346525	0	1
1	66.7252690550018	0.17789419113462301	1	2
2	66.7252690550018	4.8301443016999706	2	-1
0	66.90630856848777	4.346209709766657	0	1
1	66.90630856848777	0.17566790779824704	1	2
2	66.90630856848777	4.82945819803159	2	-1
0	67.08803122699615	4.344666231629114	0	1
1	67.08803122699615	0.17343282608962118	1	2
2	67.08803122699615	4.828766594460507	2	-1
0	67.27048473473072	4.3431191023230395	0	1
1	67.27048473473072	0.17118834702018226	1	2
2	67.27048473473072	4.828069244697143	2	-1
0	67.45372257908375	4.3415679238741625	0	1
1	67.45372257908375	0.16893379973867928	1	2
2	67.45372257908375	4.827365875864517	2	-1
0	67.63780504263906	4.340012245014416	0	1
1	67.63780504263906	0.16666842897846657	1	2
2	67.63780504263906	4.826656183964051	2	-1
0	67.8228004117133	4.338451551618668	0	1
1	67.8228004117133	0.16439138006481135	1	2
2	67.8228004117133	4.825939828446143	2	-1
0	68.0087865033945	4.336885254597465	0	1
1	68.0087865033945	0.1621016799755708	1	2
2	68.0087865033945	4.825216425378105	2	-1
0	68.19585258843428	4.335312674637966	0	1
1	68.19585258843428	0.15979821349488832	1	2
2	68.19585258843428	4.824485538856922	2	-1
0	68.38410184724293	4.333733022695895	0	1
1	68.38410184724293	0.1574796927594293	1	2
2	68.38410184724293	4.823746670063533	2	-1
0	68.57365454402593	4.332145374762886	0	1
1	68.57365454402593	0.15514461790392708	1	2
2	68.57365454402593	4.822999243141041	2	-1
0	68.7646522075877	4.330548638599021	0	1
1	68.7646522075877	0.15279122523199185	1	2
2	68.7646522075877	4.822242586632971	2	-1
0	68.957263276582	4.328941508755909	0	1
1	68.957263276582	0.1504174172433319	1	2
2	68.957263276582	4.8214759084874235	2	-1
0	69.15169081609248	4.327322405049186	0	1
1	69.15169081609248	0.1480206669965094	1	2
2	69.15169081609248	4.820698261947323	2	-1
0	69.34818342969938	4.325689385447852	0	1
1	69.34818342969938	0.14559788288814568	1	2
2	69.34818342969938	4.819908497440294	2	-1
0	69.54705107054129	4.324040019736111	0	1
1	69.54705107054129	0.1431452127481112	1	2
2	69.54705107054129	4.819105193012001	2	-1
0	69.74868891954539	4.322371198491355	0	1
1	69.74868891954539	0.14065774802342101	1	2
2	69.74868891954539	4.818286549532067	2	-1
0	69.9536149233895	4.320678832479458	0	1
1	69.9536149233895	0.13812905879886372	1	2
2	69.9536149233895	4.817450226319406	2	-1
0	70.16253239839979	4.318957350736715	0	1
1	70.16253239839979	0.13555041844297122	1	2
2	70.16253239839979	4.816593067706256	2	-1
0	70.37213540483613	4.317234165453709	0	1
1	70.37213540483613	0.1329625952754152	1	2
2	70.37213540483613	4.815728429821705	2	-1
0	70.5712452872551	4.315600944392303	0	1
1	70.5712452872551	0.13050364233947498	1	2
2	70.5712452872551	4.814902697947172	2	-1
0	70.76475425726392	4.3140171533363265	0	1
1	70.76475425726392	0.1281132124148252	1	2
2	70.76475425726392	4.814096059078499	2	-1
0	70.95265504431275	4.312482585201412	0	1
1	70.95265504431275	0.12579144083244742	1	2
2	70.95265504431275	4.8133088556310355	2	-1
0	71.1358974382606	4.310989244192046	0	1
1	71.1358974382606	0.12352663267328001	1	2
2	71.1358974382606	4.812537388481234	2	-1
0	71.31491360190401	4.309533407393007	0	1
1	71.31491360190401	0.12131348105319617	1	2
2	71.31491360190401	4.811780073660189	2	-1
0	71.4901277714905	4.308111446943554	0	1
1	71.4901277714905	0.11914677178983091	1	2
2	71.4901277714905	4.8110353248462765	2	-1
0	71.6618538873606	4.30672065677455	0	1
1	71.6618538873606	0.11702264998079537	1	2
2	71.6618538873606	4.810301993206245	2	-1
0	71.83035769086722	4.305358741453901	0	1
1	71.83035769086722	0.11493785340551232	1	2
2	71.83035769086722	4.809579111951611	2	-1
0	71.99585834513236	4.30402379874243	0	1
1	71.99585834513236	0.11288969324586517	1	2
2	71.99585834513236	4.808865894503435	2	-1
0	72.15854224021155	4.302714204470348	0	1
1	72.15854224021155	0.11087588391781678	1	2
2	72.15854224021155	4.808161679447469	2	-1
0	72.31856886647991	4.301428562519464	0	1
1	72.31856886647991	0.10889447085732717	1	2
2	72.31856886647991	4.807465908337862	2	-1
0	72.47607646515577	4.300165657229356	0	1
1	72.47607646515577	0.10694376095164415	1	2
2	72.47607646515577	4.806778103722288	2	-1
0	72.63118581803887	4.298924421272465	0	1
1	72.63118581803887	0.10502227591610325	1	2
2	72.63118581803887	4.806097854643638	2	-1
0	72.78400334977862	4.297703909413158	0	1
1	72.78400334977862	0.10312871411784208	1	2
2	72.78400334977862	4.805424804704684	2	-1
0	72.93462346764998	4.296503278660586	0	1
1	72.93462346764998	0.10126192179219462	1	2
2	72.93462346764998	4.804758643131609	2	-1
0	73.0831304329813	4.295321772385584	0	1
1	73.0831304329813	0.09942087002184774	1	2
2	73.0831304329813	4.804099097636263	2	-1
0	73.22959986172334	4.29415870757118	0	1
1	73.22959986172334	0.09760463628022631	1	2
2	73.22959986172334	4.803445928709047	2	-1
0	73.37409995584159	4.293013464346887	0	1
1	73.37409995584159	0.09581238928602209	1	2
2	73.37409995584159	4.802798924939134	2	-1
0	73.51669249103458	4.291885477572892	0	1
1	73.51669249103458	0.09404337685841391	1	2
2	73.51669249103458	4.802157899285522	2	-1
0	73.65743364412582	4.2907742297879725	0	1
1	73.65743364412582	0.09229691574391374	1	2
2	73.65743364412582	4.801522685955941	2	-1
0	73.7963746924376	4.28967924524772	0	1
1	73.7963746924376	0.09057238301730042	1	2
2	73.7963746924376	4.80089313776958	2	-1
0	73.93356258281571	4.2886000850561885	0	1
1	73.93356258281571	0.08886920908837492	1	2
2	73.93356258281571	4.800269124032186	2	-1
0	74.06904043791934	4.287536342845663	0	1
1	74.06904043791934	0.08718687147762427	1	2
2	74.06904043791934	4.799650528631961	2	-1
0	74.20284795847557	4.286487641320267	0	1
1	74.20284795847557	0.08552488987520146	1	2
2	74.20284795847557	4.799037248554934	2	-1
0	74.33502180058407	4.285453629033729	0	1
1	74.33502180058407	0.0838828215027867	1	2
2	74.33502180058407	4.798429192469058	2	-1
0	74.46559587854009	4.284433977784375	0	1
1	74.46559587854009	0.08226025739447884	1	2
2	74.46559587854009	4.797826279610104	2	-1
0	74.59460162659406	4.283428380358945	0	1
1	74.59460162659406	0.08065681918285161	1	2
2	74.59460162659406	4.797228438823907	2	-1
0	74.72206825519974	4.282436548344166	0	1
1	74.72206825519974	0.07907215594901418	1	2
2	74.72206825519974	4.7966356076048475	2	-1
0	74.84802293792916	4.281458210500306	0	1
1	74.84802293792916	0.07750594193054106	1	2
2	74.84802293792916	4.796047731430235	2	-1
0	74.97249099580017	4.280493111172419	0	1
1	74.97249099580017	0.07595787425841305	1	2
2	74.97249099580017	4.795464763085994	2	-1
0	75.09549606581231	4.279541008840788	0	1
1	75.09549606581231	0.07442767088734659	1	2
2	75.09549606581231	4.794886662046558	2	-1
0	75.2170602344335	4.278601674957337	0	1
1	75.2170602344335	0.07291506895950706	1	2
2	75.2170602344335	4.794313394002169	2	-1
0	75.33720416479929	4.277674892842734	0	1
1	75.33720416479929	0.07141982324430085	1	2
2	75.33720416479929	4.793744930401568	2	-1
0	75.45594721392773	4.2767604566717585	0	1
1	75.45594721392773	0.06994170470043137	1	2
2	75.45594721392773	4.793181248028673	2	-1
0	75.57330752567346	4.275858170655414	0	1
1	75.57330752567346	0.06848049933820821	1	2
2	75.57330752567346	4.7926223286827945	2	-1
0	75.68930212842648	4.274967848194892	0	1
1	75.68930212842648	0.06703600702133228	1	2
2	75.68930212842648	4.7920681588264396	2	-1
0	75.80394701259608	4.274089311198702	0	1
1	75.80394701259608	0.06560804051903535	1	2
2	75.80394701259608	4.791518729320332	2	-1
0	75.91725720092828	4.273222389461207	0	1
1	75.91725720092828	0.06419642464637754	1	2
2	75.91725720092828	4.790974035185171	2	-1
0	76.02924682307123	4.272366920014639	0	1
1	76.02924682307123	0.06280099535062966	1	2
2	76.02924682307123	4.790434075335991	2	-1
0	76.13992916831813	4.271522746653435	0	1
1	76.13992916831813	0.061421599068637533	1	2
2	76.13992916831813	4.789898852415202	2	-1
0	76.2493167460821	4.270689719403974	0	1
1	76.2493167460821	0.06005809198714296	1	2
2	76.2493167460821	4.789368372583169	2	-1
0	76.3574213314796	4.269867694112073	0	1
1	76.3574213314796	0.05871033948803994	1	2
2	76.3574213314796	4.788842645375967	2	-1
0	76.46425401060164	4.269056532036252	0	1
1	76.46425401060164	0.05737821559704237	1	2
2	76.46425401060164	4.78832168356079	2	-1
0	76.56982522819533	4.268256099425936	0	1
1	76.56982522819533	0.05606160240183922	1	2
2	76.56982522819533	4.787805502975903	2	-1
0	76.67414482167123	4.267466267206285	0	1
1	76.67414482167123	0.05476038964039942	1	2
2	76.67414482167123	4.787294122434115	2	-1
0	76.77722205454104	4.2666869106694305	0	1
1	76.77722205454104	0.05347447429616725	1	2
2	76.77722205454104	4.786787563626737	2	-1
0	76.87906565471265	4.265917909130945	0	1
1	76.87906565471265	0.0522037601324854	1	2
2	76.87906565471265	4.786285851001541	2	-1
0	76.97968383923705	4.265159145690404	0	1
1	76.97968383923705	0.05094815739593095	1	2
2	76.97968383923705	4.7857890117055275	2	-1
0	77.07908434499817	4.264410506948192	0	1
1	77.07908434499817	0.0497075824455111	1	2
2	77.07908434499817	4.785297075497319	2	-1
0	77.17727445311415	4.263671882770708	0	1
1	77.17727445311415	0.048481957460391634	1	2
2	77.17727445311415	4.784810074689684	2	-1
0	77.27426101439409	4.262943166048189	0	1
1	77.27426101439409	0.04727121013460689	1	2
2	77.27426101439409	4.784328044086418	2	-1
0	77.37005047193564	4.26222425247435	0	1
1	77.37005047193564	0.04607527340769213	1	2
2	77.37005047193564	4.7838510209333425	2	-1
0	77.4646488816028	4.2615150403418625	0	1
1	77.4646488816028	0.04489408522209626	1	2
2	77.4646488816028	4.783379044880234	2	-1
0	77.55806193053697	4.260815430352159	0	1
1	77.55806193053697	0.0437275883055781	1	2
2	77.55806193053697	4.782912157953419	2	-1
0	77.65029495779882	4.260125325408502	0	1
1	77.65029495779882	0.04257572992751246	1	2
2	77.65029495779882	4.782450404519011	2	-1
0	77.74135297324258	4.2594446304212426	0	1
1	77.74135297324258	0.04143846167787757	1	2
2	77.74135297324258	4.781993831256635	2	-1
0	77.83124067018983	4.258773252157924	0	1
1	77.83124067018983	0.04031573932441734	1	2
2	77.83124067018983	4.781542487166494	2	-1
0	77.91996244928919	4.25811109900784	0	1
1	77.91996244928919	0.039207522530966266	1	2
2	77.91996244928919	4.7810964235231275	2	-1
0	78.00752242478481	4.257458080875634	0	1
1	78.00752242478481	0.03811377479648659	1	2
2	78.00752242478481	4.780655693920853	2	-1
0	78.09392444500037	4.256814108965795	0	1
1	78.09392444500037	0.0370344632177142	1	2
2	78.09392444500037	4.780220354251918	2	-1
0	78.1791721090834	4.256179095591729	0	1
1	78.1791721090834	0.035969558299840276	1	2
2	78.1791721090834	4.779790462708112	2	-1
0	78.26326877833807	4.255552954021075	0	1
1	78.26326877833807	0.03491903383631767	1	2
2	78.26326877833807	4.779366079815243	2	-1
0	78.34621759294299	4.254935598276135	0	1
1	78.34621759294299	0.03388286672316099	1	2
2	78.34621759294299	4.778947268447026	2	-1
0	78.42802148915197	4.254326942925173	0	1
1	78.42802148915197	0.03286103676921748	1	2
2	78.42802148915197	4.778534093844043	2	-1
0	78.50868320887854	4.25372690292394	0	1
1	78.50868320887854	0.03185352660387597	1	2
2	78.50868320887854	4.778126623679936	2	-1
0	78.58820532286774	4.253135393348587	0	1
1	78.58820532286774	0.03086032141770101	1	2
2	78.58820532286774	4.777724928069114	2	-1
0	78.66659024256894	4.25255232920396	0	1
1	78.66659024256894	0.02988140884722945	1	2
2	78.66659024256894	4.77732907964327	2	-1
0	78.74384024108508	4.251977625154264	0	1
1	78.74384024108508	0.028916778749896288	1	2
2	78.74384024108508	4.776939153595633	2	-1
0	78.81995747347831	4.25141119524675	0	1
1	78.81995747347831	0.027966422991045903	1	2
2	78.81995747347831	4.7765552277442955	2	-1
0	78.89494399598567	4.250852952629822	0	1
1	78.89494399598567	0.0270303352492256	1	2
2	78.89494399598567	4.776177382619403	2	-1
0	78.96880178911923	4.250302809226239	0	1
1	78.96880178911923	0.026108510778398042	1	2
2	78.96880178911923	4.775805701552159	2	-1
0	79.04153279424692	4.249760675287118	0	1
1	79.04153279424692	0.02520094600825873	1	2
2	79.04153279424692	4.77544027072114	2	-1
0	79.1131389320682	4.24922645905864	0	1
1	79.1131389320682	0.024307638377988106	1	2
2	79.1131389320682	4.775081179319348	2	-1
0	79.1836221450479	4.248700066244135	0	1
1	79.1836221450479	0.023428585879760266	1	2
2	79.1836221450479	4.774728519635625	2	-1
0	79.25298443986648	4.248181399434745	0	1
1	79.25298443986648	0.022563786612548764	1	2
2	79.25298443986648	4.774382387177804	2	-1
0	79.32122793415985	4.247670357470781	0	1
1	79.32122793415985	0.021713238294867487	1	2
2	79.32122793415985	4.774042880824086	2	-1
0	79.38835491546446	4.24716683466699	0	1
1	79.38835491546446	0.020876937640271542	1	2
2	79.38835491546446	4.773710102973281	2	-1
0	79.45436791243314	4.2466707198914175	0	1
1	79.45436791243314	0.020054879598049524	1	2
2	79.45436791243314	4.773384159706632	2	-1
0	79.51926978120058	4.246181895463936	0	1
1	79.51926978120058	0.019247056427311726	1	2
2	79.51926978120058	4.773065160963376	2	-1
0	79.5830638076574	4.245700235853055	0	1
1	79.5830638076574	0.0184534566002017	1	2
2	79.5830638076574	4.772753220747147	2	-1
0	79.64575383592218	4.245225606073253	0	1
1	79.64575383592218	0.017674063412818963	1	2
2	79.64575383592218	4.772448457339566	2	-1
0	79.70734443394133	4.244757859673085	0	1
1	79.70734443394133	0.016908853176886396	1	2
2	79.70734443394133	4.772150993503802	2	-1
0	79.76784109407252	4.244296836294379	0	1
1	79.76784109407252	0.016157793030635137	1	2
2	79.76784109407252	4.771860956736257	2	-1
0	79.82725049498784	4.24384235855467	0	1
1	79.82725049498784	0.015420838057448982	1	2
2	79.82725049498784	4.771578479502779	2	-1
0	79.88558083438303	4.243394228114151	0	1
1	79.88558083438303	0.014697927616337925	1	2
2	79.88558083438303	4.771303699502187	2	-1
0	79.9428422776525	4.242952220489104	0	1
1	79.9428422776525	0.01398898035449303	1	2
2	79.9428422776525	4.771036759865389	2	-1
0	79.99904753449152	4.242516078388336	0	1
1	79.99904753449152	0.013293887796894666	1	2
2	79.99904753449152	4.770777809408559	2	-1
0	80.0542126547688	4.242085502678784	0	1
1	80.0542126547688	0.012612505444016264	1	2
2	80.0542126547688	4.770527002765232	2	-1
0	80.10835812058583	4.241660140098788	0	1
1	80.10835812058583	0.011944640519827132	1	2
2	80.10835812058583	4.770284500421039	2	-1
0	80.16151036092911	4.241239566304914	0	1
1	80.16151036092911	0.011290034948924	1	2
2	80.16151036092911	4.77005046864401	2	-1
0	80.21370396695555	4.240823261394922	0	1
1	80.21370396695555	0.010648340353905272	1	2
2	80.21370396695555	4.769825078958983	2	-1
0	80.26498491097837	4.240410574417235	0	1
1	80.26498491097837	0.010019081698154242	1	2
2	80.26498491097837	4.769608507280919	2	-1
0	80.31541549205018	4.240000669276022	0	1
1	80.31541549205018	0.009401601283933303	1	2
2	80.31541549205018	4.769400932007911	2	-1
0	80.36508209032884	4.239592440104111	0	1
1	80.36508209032884	0.008794970880141584	1	2
2	80.36508209032884	4.76920253077603	2	-1
0	80.41410790747156	4.239184372485099	0	1
1	80.41410790747156	0.008197847258758273	1	2
2	80.41410790747156	4.76901347477366	2	-1
0	80.46267483931987	4.238774304836419	0	1
1	80.46267483931987	0.007608224294318511	1	2
2	80.46267483931987	4.7688339194579	2	-1
0	80.511062899944	4.238358995590044	0	1
1	80.511062899944	0.007022987025591121	1	2
2	80.511062899944	4.768663991435547	2	-1
0	80.55972429937245	4.237933297143048	0	1
1	80.55972429937245	0.006437077907789135	1	2
2	80.55972429937245	4.768503780764742	2	-1
0	80.60942042832389	4.237488564545429	0	1
1	80.60942042832389	0.005841975879200767	1	2
2	80.60942042832389	4.768353411333772	2	-1
0	80.66138614594652	4.237010334958608	0	1
1	80.66138614594652	0.005224006952845528	1	2
2	80.66138614594652	4.768213671994237	2	-1
0	80.7165973189508	4.236483674603535	0	1
1	80.7165973189508	0.004573510201723252	1	2
2	80.7165973189508	4.768089835598189	2	-1
0	80.77452327247407	4.235904282711999	0	1
1	80.77452327247407	0.0038997980165271784	1	2
2	80.77452327247407	4.767995515304528	2	-1
0	80.81714685779542	4.235454780431052	0	1
1	80.81714685779542	0.0034116363834946206	1	2
2	80.81714685779542	4.767956855952443	2	-1
0	80.83807761779536	4.235224941174687	0	1
1	80.83807761779536	0.003174898158032846	1	2
2	80.83807761779536	4.767949956983346	2	-1
0	80.84985969307327	4.235092469034121	0	1
1	80.84985969307327	0.0030426494689974604	1	2
2	80.84985969307327	4.767950180434877	2	-1
0	80.86281167172956	4.23494399282786	0	1
1	80.86281167172956	0.0028982022337147306	1	2
2	80.86281167172956	4.767954209405855	2	-1
0	80.88533802982053	4.234677796599394	0	1
1	80.88533802982053	0.0026495850611123473	1	2
2	80.88533802982053	4.767971788461719	2	-1
0	80.9388052106238	4.233994792292779	0	1
1	80.9388052106238	0.002076265413048617	1	2
2	80.9388052106238	4.7680814731202705	2	-1
0	80.96998305076679	4.233551492996186	0	1
1	80.96998305076679	0.0017567395626203464	1	2
2	80.96998305076679	4.768205246566434	2	-1
0	80.9866603655644	4.23329590666442	0	1
1	80.9866603655644	0.0015918962786916069	1	2
2	80.9866603655644	4.768295989614272	2	-1
0	80.99358230071905	4.23318530384566	0	1
1	80.99358230071905	0.0015249681215721012	1	2
2	80.99358230071905	4.768339664275912	2	-1
0	80.99835110281462	4.233107405413282	0	1
1	80.99835110281462	0.0014794185596427312	1	2
2	80.99835110281462	4.768372013146361	2	-1
0	81.01098455222413	4.232893722360503	0	1
1	81.01098455222413	0.0013611625297267338	1	2
2	81.01098455222413	4.768467440169224	2	-1
0	81.02412559600411	4.2326588505961285	0	1
1	81.02412559600411	0.0012423166685184839	1	2
2	81.02412559600411	4.76858346607239	2	-1
0	81.03298666529585	4.232492235085262	0	1
1	81.03298666529585	0.001164902198410367	1	2
2	81.03298666529585	4.768672667113148	2	-1
0	81.0386632283563	4.2323816326686	0	1
1	81.0386632283563	0.001116588303532673	1	2
2	81.0386632283563	4.768734955634933	2	-1
0	81.0438166650142	4.2322784096802595	0	1
1	81.0438166650142	0.0010736583412787049	1	2
2	81.0438166650142	4.768795248661019	2	-1
0	81.0521476823922	4.232105456429861	0	1
1	81.0521476823922	0.0010062743379086747	1	2
2	81.0521476823922	4.768900817908047	2	-1
0	81.06510677758827	4.231819945961802	0	1
1	81.06510677758827	0.0009069252516491488	1	2
2	81.06510677758827	4.769086979289847	2	-1
3	81.07308707151445	4.907995320284721	0	3
4	81.07308707151445	5.865710061054488	-1	3
3	81.28962669712061	4.906606558761576	0	3
4	81.28962669712061	5.864321299531342	-1	3
3	81.39728966349594	4.9059324013133505	0	3
4	81.39728966349594	5.863647142083117	-1	3
3	81.51769466086053	4.905188954196346	0	3
4	81.51769466086053	5.862903694966112	-1	3
3	81.63891639374772	4.904450037287711	0	3
4	81.63891639374772	5.862164778057478	-1	3
3	81.76491411877194	4.903690639970784	0	3
4	81.76491411877194	5.861405380740551	-1	3
3	81.89480003433634	4.902915585239102	0	3
4	81.89480003433634	5.860630326008868	-1	3
3	82.02918502036255	4.902120659584725	0	3
4	82.02918502036255	5.859835400354491	-1	3
3	82.1682506564087	4.901304280670197	0	3
4	82.1682506564087	5.859019021439964	-1	3
3	82.31234364118481	4.900463936201483	0	3
4	82.31234364118481	5.858178676971249	-1	3
3	82.46179540138105	4.89959725317205	0	3
4	82.46179540138105	5.857311993941817	-1	3
3	82.61698080164015	4.898701650924257	0	3
4	82.61698080164015	5.856416391694023	-1	3
3	82.77830217494103	4.897774433005414	0	3
4	82.77830217494103	5.85548917377518	-1	3
3	82.94619589345103	4.896812747317618	0	3
4	82.94619589345103	5.854527488087385	-1	3
3	83.12113029091856	4.895813596257053	0	3
4	83.12113029091856	5.85352833702682	-1	3
3	83.30360380099886	4.894773845337582	0	3
4	83.30360380099886	5.852488586107349	-1	3
3	83.4941388791032	4.8936902557128725	0	3
4	83.4941388791032	5.851404996482639	-1	3
3	83.6932709107061	4.892559545002094	0	3
4	83.6932709107061	5.85027428577186	-1	3
3	83.90152939060007	4.891378491786992	0	3
4	83.90152939060007	5.849093232556759	-1	3
3	84.1194085764311	4.890144099580324	0	3
4	84.1194085764311	5.84785884035009	-1	3
3	84.3473247825651	4.888853836289455	0	3
4	84.3473247825651	5.846568577059221	-1	3
3	84.58555917968896	4.887505955605162	0	3
4	84.58555917968896	5.845220696374929	-1	3
3	84.83418892343735	4.886099884401679	0	3
4	84.83418892343735	5.843814625171445	-1	3
3	85.09301718615308	4.884636616452102	0	3
4	85.09301718615308	5.842351357221869	-1	3
3	85.36152212512067	4.883118999318384	0	3
4	85.36152212512067	5.840833740088151	-1	3
3	85.63885054227165	4.881551768910086	0	3
4	85.63885054227165	5.839266509679852	-1	3
3	85.9238752158322	4.879941224403057	0	3
4	85.9238752158322	5.837655965172823	-1	3
3	86.21531157954666	4.878294567797605	0	3
4	86.21531157954666	5.836009308567371	-1	3
3	86.51186100539705	4.876619092951633	0	3
4	86.51186100539705	5.8343338337213995	-1	3
3	86.81233632872751	4.874921474658176	0	3
4	86.81233632872751	5.832636215427943	-1	3
3	87.11573866327912	4.873207332735591	0	3
4	87.11573866327912	5.8309220735053575	-1	3
3	87.42128120558101	4.8714810956209975	0	3
4	87.42128120558101	5.829195836390764	-1	3
3	87.72837455130288	4.869746081604596	0	3
4	87.72837455130288	5.827460822374363	-1	3
3	88.03659326953736	4.868004686253777	0	3
4	88.03659326953736	5.825719427023544	-1	3
3	88.34563826304043	4.8662585939703265	0	3
4	88.34563826304043	5.823973334740093	-1	3
3	88.65530311133452	4.8645089673367545	0	3
4	88.65530311133452	5.822223708106521	-1	3
3	88.96544715490636	4.862756598611483	0	3
4	88.96544715490636	5.82047133938125	-1	3
3	89.27597537351541	4.861002023014997	0	3
4	89.27597537351541	5.818716763784764	-1	3
3	89.58682394539889	4.859245600046737	0	3
4	89.58682394539889	5.816960340816504	-1	3
3	89.89795021869384	4.8574875699621405	0	3
4	89.89795021869384	5.815202310731907	-1	3
3	90.20932572010462	4.855728093150358	0	3
4	90.20932572010462	5.813442833920124	-1	3
3	90.52093151772516	4.85396727625219	0	3
4	90.52093151772516	5.8116820170219565	-1	3
3	90.83275503805636	4.852205190089503	0	3
4	90.83275503805636	5.8099199308592695	-1	3
3	91.14478795146216	4.850441881576346	0	3
4	91.14478795146216	5.808156622346113	-1	3
3	91.45702474528566	4.848677381757044	0	3
4	91.45702474528566	5.806392122526811	-1	3
3	91.7694617845655	4.846911711097409	0	3
4	91.7694617845655	5.8046264518671755	-1	3
3	92.08209669215039	4.845144882976711	0	3
4	92.08209669215039	5.802859623746477	-1	3
3	92.3949279152297	4.84337690612994	0	3
4	92.3949279152297	5.801091646899707	-1	3
3	92.70795445566425	4.841607786166923	0	3
4	92.70795445566425	5.79932252693669	-1	3
3	93.02117567548886	4.839837526668264	0	3
4	93.02117567548886	5.79755226743803	-1	3
3	93.33459120642797	4.838066129694564	0	3
4	93.33459120642797	5.7957808704643305	-1	3
3	93.64820080561766	4.836293596600408	0	3
4	93.64820080561766	5.794008337370174	-1	3
3	93.96200434707978	4.834519928081611	0	3
4	93.96200434707978	5.7922346688513775	-1	3
3	94.27600179782388	4.832745124309638	0	3
4	94.27600179782388	5.790459865079405	-1	3
3	94.59019315483852	4.830969185287323	0	3
4	94.59019315483852	5.7886839260570895	-1	3
3	94.90457845037358	4.829192110818727	0	3
4	94.90457845037358	5.786906851588493	-1	3
3	95.21915772258393	4.827413900674898	0	3
4	95.21915772258393	5.785128641444665	-1	3
3	95.53393106325639	4.825634554323956	0	3
4	95.53393106325639	5.783349295093722	-1	3
3	95.84889853915514	4.8238540713756155	0	3
4	95.84889853915514	5.781568812145382	-1	3
3	96.16406023685968	4.822072451327684	0	3
4	96.16406023685968	5.779787192097451	-1	3
3	96.47941623199138	4.820289693739976	0	3
4	96.47941623199138	5.778004434509743	-1	3
3	96.79496663675513	4.818505797965539	0	3
4	96.79496663675513	5.776220538735306	-1	3
3	97.11071151058715	4.816720763655757	0	3
4	97.11071151058715	5.774435504425524	-1	3
3	97.42665097045727	4.814934590136775	0	3
4	97.42665097045727	5.772649330906542	-1	3
3	97.74278510119642	4.813147276916437	0	3
4	97.74278510119642	5.770862017686204	-1	3
3	98.05911398869257	4.811358823496619	0	3
4	98.05911398869257	5.769073564266385	-1	3
3	98.37563775004318	4.809569229202742	0	3
4	98.37563775004318	5.7672839699725085	-1	3
3	98.69235645519424	4.807778493626815	0	3
4	98.69235645519424	5.7654932343965815	-1	3
3	99.00927021449738	4.805986616132389	0	3
4	99.00927021449738	5.763701356902156	-1	3
3	99.3263791141958	4.804193596219326	0	3
4	99.3263791141958	5.761908336989093	-1	3
