#t	L(t)	L_*(t)
0.0	1.05	1.0476190476190477
0.0008038111431572362	1.0499999996603862	1.0476190472764768
0.07091169558695473	1.049999461621089	1.0476185050821172
0.09847322207385883	1.0500087619698113	1.0476316114930608
0.12927789874069137	1.050039576083027	1.0476658812273343
0.16003941436283747	1.0500895953694007	1.0477208434123872
0.19177652717396493	1.0501543313317931	1.0477915123427755
0.2242421439746395	1.0502350065482937	1.0478792161606558
0.2575603349945045	1.0503305934768896	1.0479828184214564
0.2917501996280866	1.050440945695077	1.0481021434484903
0.3268658313691867	1.050565669854286	1.048236748272813
0.36295562869442444	1.050704516311971	1.048386346350795
0.40007481034955444	1.050857250767239	1.0485506685424806
0.4382822915717052	1.0510236989060004	1.0487295111959638
0.4776422840564744	1.0512037350529653	1.0489227237678291
0.5182245981864616	1.0513972894381576	1.049130216481375
0.5601054591605515	1.0516043502210841	1.0493519623211949
0.6033683294221323	1.0518249679992628	1.049588001673618
0.6481049245058942	1.0520592605645362	1.0498384472071627
0.6944164166371036	1.052307418839919	1.0501034899899109
0.7424148977926883	1.0525697140263888	1.050383406870072
0.7922251689456412	1.052846506395468	1.0506785695794278
0.8439869715310756	1.0531382561586597	1.0509894560116535
0.8978578089653381	1.0534455371434652	1.0513166644430527
0.954016588279522	1.0537690542180136	1.051660931684973
1.012668432748323	1.0541096659218114	1.0520231566999951
1.0740512101103319	1.0544684145277246	1.0524044320214736
1.138444674324602	1.0548465669916824	1.0528060866112583
1.2061837491478506	1.0552456724870183	1.0532297461488063
1.2776787118984851	1.0556676462219836	1.053677420957192
1.3534475642871944	1.0561148970448686	1.0541516399907942
1.4341715794404675	1.0565905323897287	1.0546556662100874
1.5207993538126274	1.0570987103061151	1.0551938667878857
1.61476657871348	1.0576452993258258	1.055772407466172
1.7185506720334227	1.0582392727581342	1.0564007204770647
1.8315847291285015	1.0588962282225218	1.0570952115277576
1.9489995616914082	1.059612496944144	1.0578518898762201
2.0730262202831424	1.0603570753460088	1.058637921520025
2.2032636668014156	1.0611439575225252	1.0594680124359737
2.3219399216571843	1.061970477625923	1.0603392655886303
2.4388604015636663	1.0627237278674344	1.0611327087134683
2.5538477581463823	1.0634658616851427	1.0619139113650962
2.6680106438771327	1.0641957109659543	1.062681672425703
2.7816165578924923	1.0649202859243747	1.0634433873360007
2.8949307734471064	1.0656412668686042	1.0642008338758069
3.008088777657653	1.0663603256023866	1.0649557758989867
3.121186726408561	1.06707831386286	1.0657091123143296
3.234285000326141	1.0677958362063742	1.0664614804677954
3.347424448137468	1.0685132718152572	1.0672132798800984
3.4606322155303166	1.0692308770653707	1.0679647804183126
3.573926693359705	1.0699488221707072	1.068716161070703
3.687320348297908	1.0706672223441804	1.0694675428319236
3.8008216920832583	1.07138615559471	1.0702190074940021
3.9144365622335986	1.0721056751076048	1.0709706107060766
4.028168980193755	1.0728258172904712	1.071722390458816
4.142021733726943	1.0735466071618214	1.0724743727637045
4.2559967662416	1.0742680620067044	1.0732265755034784
4.370095440487012	1.0749901938191326	1.0739790110035483
4.484318727948299	1.0757130109556505	1.0747316877720023
4.598667322511311	1.076436519323174	1.0754846117481756
4.7131417358491285	1.0771607230905937	1.0762377870511344
4.82774234312063	1.077885625287064	1.0769912166074314
4.942469438348786	1.078611228087313	1.0777449024513925
5.057323244735364	1.0793375331594504	1.078498846089048
5.172303949938906	1.080064541728281	1.079253048565594
5.287411707635956	1.0807922547972506	1.0800075106969778
5.4026466518107235	1.0815206731573546	1.0807622330799234
5.518008905188282	1.0822497974769107	1.0815172161856104
5.633498573529497	1.0829796283544517	1.0822724604148313
5.749115762826969	1.083710166282311	1.083027966060611
5.864860568451402	1.0844414117551886	1.0837837334207492
5.980733087990333	1.0851733652013382	1.0845397627267856
6.09673341191973	1.0859060270636633	1.0852960542279229
6.212861630125973	1.0866393977406537	1.086052608130087
6.329117834025757	1.0873734776275819	1.0868094246385516
6.44550210836288	1.088108267129866	1.0875665039717295
6.562014541815016	1.0888437666112036	1.088323846307768
6.678655221493443	1.0895799764605991	1.0890814518536551
6.795424233905146	1.0903168970575914	1.0898393208094068
6.912321667278403	1.0910545287783333	1.0905974533743612
7.0293476048691454	1.0917928720102816	1.0913558497622902
7.146502135050453	1.09253192710992	1.0921145101579972
7.263785338973913	1.093271694466488	1.092873434782794
7.38119730622542	1.0940121744240683	1.0936326238145533
7.498738118182003	1.094753367380445	1.094392077489137
7.616407862721184	1.0954952736820298	1.0951517959926784
7.734206622322921	1.0962378937167285	1.0959117795567725
7.852134481875167	1.0969812278388433	1.0966720283815794
7.970191526137125	1.0977252764183483	1.0974325426862996
8.088377839052107	1.0984700398248817	1.0981933226927967
8.20669350541312	1.099215518423419	1.0989543686212002
8.32513860860581	1.099961712584787	1.0997156807006643
8.443713231684708	1.100708622671434	1.1004772591548622
8.562417457864319	1.1014562490442281	1.1012391042089575
8.681251372886608	1.1022045920655605	1.1020012160927892
8.800215056443076	1.102953652114274	1.1027635950560728
8.91930859361275	1.1037034295315995	1.1035262413133973
9.03853206667379	1.1044539246932623	1.104289155117636
9.157885557468376	1.1052051379578756	1.1050523367074496
9.27736914958221	1.1059570696818575	1.1058157863224976
9.396982923984588	1.1067097202331673	1.106579504217401
9.516726963289916	1.1074630899638471	1.1073434906338895
9.636601349377418	1.108217179236875	1.108107745828078
9.756606163089188	1.108971988411177	1.1088722700552784
9.876741487116817	1.1097275178397388	1.10963706356812
9.997007401717958	1.1104837678877855	1.1104021266349777
10.117403988702181	1.111240738905823	1.1111674595127046
10.237931326836874	1.1119984312547382	1.1119330624720551
10.358589500044484	1.1127568452768934	1.112698935768493
10.479378587000411	1.113515981347717	1.1134650796943213
10.600298667532286	1.1142758398102568	1.1142314945126108
10.7213498205155	1.1150364210154575	1.1149981804979112
10.84253212819325	1.115797725308929	1.1157651379229216
10.96384566964761	1.1165597530581233	1.1165323670858842
11.085290522297539	1.1173225046112785	1.1172998682692417
11.20686676733968	1.1180859803068586	1.1180676417492084
11.328574481887	1.1188501805077649	1.1188356878301948
11.450413746534089	1.1196151055519232	1.1196040067951416
11.572384638692096	1.1203807557998466	1.1203725989533486
11.694487238958398	1.1211471315927553	1.1211414645984263
11.81672162047998	1.1219142332926095	1.121910604048507
11.93908786526958	1.122682061215297	1.1226800175792733
12.061586050012824	1.123450615733141	1.12344970552675
12.184216250013971	1.1242198971857484	1.124219668197957
12.306978542755472	1.1249899059048154	1.1249899058958337
12.4298730069896	1.1257606422364868	1.1257604189416368
12.552899718252071	1.1265321065356537	1.1265312076692249
12.676058751505414	1.1273042991378015	1.127302272396956
12.799350186252	1.1280772203756175	1.1280736134443383
12.922774095185233	1.1288508706110858	1.1288452311640664
13.04633055472072	1.129625250164278	1.1296171258709997
13.170019641009477	1.1304003593794507	1.13038929790814
13.293841428190156	1.131176198600034	1.1311617476216913
13.417795992700505	1.1319527681576813	1.131934475350197
13.541883407624105	1.1327300683993213	1.1327074814514941
13.666103746593025	1.1335080996517146	1.1334807662674795
13.790457084925325	1.1342868622459408	1.1342543301485135
13.914943495397162	1.1350663565245371	1.1350281734605163
14.039563053195591	1.1358465828150024	1.1358022965586845
14.164315830753049	1.1366275414608542	1.1365766998183482
14.289201899186482	1.1374092327892649	1.1373513836028888
14.414221334412447	1.138191657120096	1.1381263482727597
14.539374205225002	1.13897481480422	1.1389015942234602
14.66466058574063	1.1397587061488412	1.1396771218116128
14.7900805485524	1.1405433314954672	1.1404529314321925
14.915634163265024	1.1413286911770342	1.1412290234760991
15.041321502635487	1.1421147855087503	1.1420053983211726
15.167142638828084	1.1429016148265587	1.142782056370227
15.293097638708891	1.1436891794636945	1.1435589980279008
15.419186575018205	1.1444774797212505	1.144336223671685
15.545409518749944	1.1452665159381188	1.1451137337209403
15.67176653841042	1.1460562884432992	1.1458915285898705
15.798257702631856	1.1468467975512802	1.1466696086830344
15.92488307964772	1.1476380435784073	1.1474479744115151
16.051642742865717	1.1484300268396122	1.1482266261897316
16.1785367559385	1.1492227476832755	1.1490055644697208
16.305565189481477	1.1500162063978712	1.1497847896494238
16.432728111184172	1.1508104033165316	1.1505643021754846
16.56002558706546	1.1516053387552192	1.151344102482526
16.687457685801892	1.1524010130205942	1.152124191000942
16.81502447524608	1.1531974264370812	1.1529045681834704
16.942726019668417	1.153994579325118	1.1536852344838813
17.070562386848906	1.154792471983935	1.1544661903401718
17.19853364214589	1.1555911047358844	1.155247436218012
17.32663985082449	1.1563904778893916	1.1560289725745017
17.45488107656669	1.1571905917535181	1.1568107998724697
17.58325738774945	1.15799144662867	1.1575929185714373
17.711768846481714	1.1587930428458164	1.1583753291659433
17.8404155171176	1.1595953806980417	1.159158032118745
17.969197462846697	1.1603984604937225	1.1599410279127877
18.098114749112288	1.1612022825352524	1.1607243170304744
18.227167437410454	1.1620068471403888	1.1615078999745023
18.356355589239755	1.1628121546035661	1.1622917772302117
18.485679269427823	1.1636182052205661	1.163075949289679
18.615138537982002	1.164424999309283	1.1638604166719364
18.744733457811297	1.165232537158892	1.164645179873566
18.874464087957456	1.166040819078042	1.1654302394156089
19.00433049198365	1.1668498453526464	1.1662155958025902
19.134332727638633	1.1676596162982165	1.1670012495733777
19.264470858170196	1.1684701321954214	1.167787201238673
19.394744940242386	1.1692813933606456	1.1685734513495065
19.52515503440382	1.1700934000706749	1.169360000424251
19.655701199146833	1.1709061526279725	1.1701468490119429
19.786383491332842	1.1717196513236607	1.1709339976564463
19.917201973892134	1.1725338964401935	1.1717214468991068
20.048156699116866	1.1733488882993424	1.1725091973251878
20.17924772667209	1.1741646271581252	1.173297249463293
20.310475114263163	1.1749811133210333	1.1740856038939118
20.441838915665986	1.1757983470819031	1.1748742611932552
20.573339188130042	1.1766163287116727	1.1756632219215213
20.704975986495352	1.177435058504502	1.1764524866674466
20.83674936853992	1.1782545367411532	1.177242056013014
20.968659382953422	1.1790747637222987	1.1780319305655989
21.10070609055377	1.1798957396936811	1.17882211088595
21.23288953977164	1.1807174649781864	1.1796125976153897
21.36520978723863	1.1815399398232815	1.1804033913290195
21.497666886282403	1.1823631645291588	1.1811944926590652
21.630260886583272	1.1831871393771571	1.1819859022260586
21.762991841427542	1.1840118646276543	1.1827776206369094
21.895859801769944	1.1848373405652048	1.1835696485283007
22.028864819755505	1.1856635674616234	1.1843619865312824
22.162006946515497	1.1864905455979058	1.1851546352923568
22.29528622962032	1.1873182752505411	1.1859475954603933
22.4287027212562	1.1881467566756994	1.1867408676715523
22.562256469823456	1.188975990160081	1.1875344525980338
22.695947523692418	1.189805975968706	1.1883283508981253
22.829775927317566	1.190636714368284	1.1891225632386393
22.963741733225408	1.1914682056030896	1.1899170902719152
23.097844988363168	1.1923004499694627	1.1907119327070566
23.232085738753852	1.193133447731007	1.1915070912289276
23.36646402860094	1.1939671991475367	1.1923025665258955
23.500979905526464	1.1948017044695414	1.1930983592846132
23.635633415111393	1.195636963970733	1.1938944702211074
23.77042459999303	1.1964729779141567	1.194690900048503
23.905353507017594	1.1973097465466163	1.1954876494717908
24.04042017706073	1.1981472701430973	1.1962847192301886
24.17562465476227	1.1989855489435968	1.1970821100370548
24.31096698169267	1.1998245832135723	1.197879822637485
24.446447201173964	1.2006643732015476	1.198677857768027
24.582065353899356	1.2015049191690537	1.199476216185212
24.717821480062792	1.2023462213634677	1.200274898639799
24.853715622063078	1.203188280031254	1.2010739058894266
24.98974781751631	1.2040310954347553	1.201873238714593
25.12591810737056	1.2048746678088744	1.2026728978776247
25.2622265327535	1.2057189974114277	1.203472884170495
25.39867312648378	1.2065640845036092	1.204273198396334
25.535257929694534	1.207409929297393	1.2050738413197057
25.671980977802715	1.2082565320586165	1.2058748137642856
25.808842307185245	1.2091038930200217	1.2066761165305837
25.945841955865266	1.2099520124226655	1.2074777504352139
26.082979956579337	1.21080089052019	1.2082797163149708
26.220256344956137	1.21165052753589	1.2090820149863313
26.357671155994655	1.2125009237134168	1.2098846472934308
26.495224422122195	1.2133520792949763	1.2106876140875196
26.632916177182427	1.214203994509329	1.2114909162157155
26.770746451867904	1.2150566695965153	1.2122945545444
26.9087152793162	1.2159101047795962	1.213098529932638
27.046822690422836	1.2167643002993311	1.2139028432649321
27.185068715094285	1.2176192563851806	1.2147074954239614
27.323453386377285	1.2184749732630928	1.2155124872979979
27.46197672944014	1.2193314511810864	1.2163178198050328
27.600638775460183	1.220188690341081	1.2171234938287407
27.739439550594547	1.2210466909848745	1.2179295102994003
27.878379084028673	1.2219054533259144	1.2187358701298265
28.017457400143567	1.222764977599127	1.2195425742622579
28.15667452681227	1.2236252640124854	1.220349623622958
28.296030489749793	1.2244863127983627	1.2211570191704875
28.435525314009347	1.2253481241786048	1.2219647618629945
28.5751590212003	1.226210698373817	1.2227728526670096
28.714931637011578	1.2270740355861924	1.2235812925414464
28.854843183568345	1.2279381360460582	1.2243900824812721
28.99489368348459	1.2288029999646448	1.2251992234733442
29.13508315684205	1.2296686275591728	1.2260087165199829
29.27541162723388	1.2305350190342073	1.2268185626216108
29.41587911140871	1.2314021746190407	1.2276287628117761
29.556485629974716	1.2322700945037248	1.2284393180974518
29.6972312032124	1.233138778905249	1.2292502295209604
29.838115847801628	1.2340082280416915	1.2300614981358848
29.979139579615563	1.2348784421120347	1.2308731249883227
30.12030241887035	1.2357494213134594	1.2316851111331304
30.261604378421676	1.2366211658731794	1.232497457663663
30.40304547546906	1.2374936759761925	1.2333101656445176
30.54462572640613	1.2383669518375955	1.2341232361790164
30.686345138941785	1.2392409936708109	1.2349366703796658
30.828203732306267	1.2401158016389877	1.2357504693230468
30.970201514917523	1.2409913759797697	1.2365646341659926
31.1123384999025	1.2418677168674639	1.237379166017447
31.254614700867634	1.2427448245088826	1.2381940660277009
31.39703012327775	1.2436226991172648	1.239009335364205
31.539584780861233	1.2445013408591195	1.239824975162313
31.68227867919064	1.2453807499554843	1.2406409866194001
31.82511182761776	1.2462609265806557	1.2414573709009413
31.968084231936313	1.2471418709358568	1.2422741292089774
32.111195902084745	1.248023583204012	1.243091262740254
32.25444684123139	1.2489060635972877	1.2439087727303821
32.397837054550244	1.2497893122898205	1.2447266603915976
32.54136654601503	1.2506733294718717	1.2455449269630448
32.68503532268528	1.2515581153300968	1.2463635736925922
32.82884338350647	1.2524436700740007	1.2471826018614003
32.972790732054854	1.2533299938669402	1.2480020127202018
33.11687736938537	1.2542170869047233	1.2488218075621116
33.26110329462077	1.255104949371563	1.249641987681984
33.40546850961487	1.2559935814437504	1.2504625543799317
33.54997301225182	1.2568829833184272	1.251283508987993
33.69461680099049	1.2577731551723388	1.2521048528321501
33.83939987234564	1.2586640971898757	1.2529265872583293
33.9843222240065	1.2595558095475956	1.2537487136182268
34.12938385183408	1.2604482924334752	1.2545712332871681
34.274584750938835	1.261341546028456	1.2553941476472004
34.419924915075875	1.262235570513124	1.256217458093365
34.565404339053785	1.263130366064031	1.2570411660304224
34.711023013666804	1.2640259328685648	1.2578652728866542
34.85678093438461	1.2649222710937962	1.258689780085304
35.00267808709197	1.2658193809400133	1.2595146890939468
35.14871446815954	1.2667172625529932	1.2603400013439225
35.294890061328054	1.2676159161475733	1.2611657183440685
35.44120486132505	1.2685153418654396	1.261991841550123
35.58765885094992	1.2694155399205005	1.2628183724984197
35.734252021577085	1.2703165104579353	1.2636453126765426
35.88098435797704	1.2712182536803884	1.2644726636393238
36.027855847915475	1.2721207697546326	1.2653004269232833
36.17486647302083	1.273024058870667	1.2661286041009832
36.32201622194262	1.273928121185594	1.2669571967296918
36.46930507388753	1.2748329569045942	1.2677862064257355
36.616733014357855	1.2757385661797267	1.2686156347718838
36.764300026486566	1.2766449492067595	1.2694454834062003
36.91200608857925	1.2775521061719344	1.2702757539733924
37.0598511829253	1.2784600372369153	1.2711064481111876
37.20783528906354	1.2793687425930018	1.271937567500087
37.35595838586117	1.2802782224197844	1.2727691138256552
37.50422045040557	1.2811884768979755	1.2736010887904046
37.65262146439848	1.2820995062026537	1.2744334941077595
37.80116139902169	1.2830113105426046	1.2752663315381336
37.94984023351787	1.283923890067386	1.2760996028041758
38.09865794362005	1.2848372449815448	1.2769333096952438
38.24761450240424	1.2857513754735828	1.2777674540026582
38.3967098855974	1.2866662817212526	1.2786020375247042
38.5459440660189	1.2875819639242196	1.2794370620965743
38.69531701778249	1.2884984222699742	1.2802725295594188
38.844828712582334	1.2894156569596986	1.281108441784082
38.994479117202786	1.2903336681855142	1.2819448006505143
39.144268209153275	1.2912524561152585	1.2827816080340744
39.29419595557164	1.2921720209885343	1.2836188658931595
39.44426232339179	1.2930923629872422	1.2844565761514417
39.59446728557227	1.2940134822980736	1.2852947407549622
39.74481080765398	1.2949353791507985	1.286133361707111
39.895292859090134	1.295858053735816	1.286972440993766
40.045913406141885	1.29678150627376	1.2878119806467834
40.19667241536821	1.2977057369719593	1.2886519827045586
40.347569852126384	1.2986307460459199	1.2894924492317315
40.4986056835746	1.2995565337101884	1.2903333823110485
40.64977987491862	1.3004831001968384	1.2911747840603243
40.801092388276295	1.3014104457325082	1.2920166566117515
40.95254319045415	1.3023385705315065	1.2928590021058308
41.104132244291655	1.303267474843581	1.2937018227349024
41.25585951191914	1.3041971589008927	1.2945451206951917
41.407724958156535	1.3051276229380702	1.2953888982052009
41.55972854409558	1.3060588672131221	1.2962331575248485
41.71187023238622	1.3069908919681512	1.2970779009200284
41.86414998749584	1.3079236974618424	1.297923130692255
42.016567768638886	1.308857283971123	1.2987688491803413
42.16912353507213	1.309791651747887	1.2996150587213862
42.321817251034076	1.3107268010515392	1.3004617616804646
42.47464887499155	1.311662732179345	1.3013089604782881
42.627618373573156	1.3125994454005883	1.3021566575317909
42.78072570039711	1.313536941042051	1.303004855331692
42.93397082118638	1.31447521935833	1.3038535563253544
43.087353693971664	1.3154142806858375	1.304702763056324
43.240874279503664	1.3163541253215572	1.3055524780548493
43.39453253922517	1.3172947535869315	1.306402703895884
43.54832843310651	1.3182361658155166	1.3072534431881235
43.702261924491765	1.3191783623398026	1.3081046985623086
43.856332971807575	1.3201213435209849	1.308956472698343
44.0105415368582	1.3210651096982597	1.309808768279704
44.164887582918745	1.322009661239723	1.3106615880396502
44.31937107358853	1.3229549985307751	1.3115149347509583
44.47399196715189	1.3239011219671841	1.312368811219885
44.62875022939272	1.3248480319206397	1.3132232202553213
44.78364582411764	1.3257957288173245	1.3140781647399307
44.93867871276428	1.3267442130799658	1.3149336475780844
45.09384886314299	1.3276934851255309	1.3157896716940392
45.249156238642996	1.32864354541885	1.3166462400805345
45.40460080685339	1.3295943944066178	1.3175033557395233
45.56018253532168	1.330546032570274	1.3183610217301
45.71590139387868	1.3314984604001339	1.3192192411454278
45.8717573477982	1.3324516784097158	1.3200780171259066
46.0277503718803	1.3334056870939723	1.3209373528218031
46.18388043546868	1.3343604870155983	1.3217972514712666
46.34014751150221	1.3353160787134222	1.3226577163180682
46.496551577695506	1.3362724627579148	1.323518750661877
46.65309260889849	1.3372296397585175	1.3243803578651165
46.80977058345267	1.338187610316989	1.3252425413112432
46.96658548177387	1.339146375066414	1.3261053044401485
47.123537283367114	1.340105934662641	1.3269686507407292
47.28062597437854	1.3410662897661252	1.327832583734849
47.437851541883354	1.3420274410882542	1.3286971070193039
47.59521397206309	1.3429893893565077	1.3295622242347729
47.75271325568783	1.3439521353034254	1.3304279390562068
47.91034938643366	1.3449156797002662	1.3312942552234073
48.06812236403285	1.3458800233468335	1.3321611765321852
48.22603218578527	1.3468451670908683	1.3330287068521045
48.384078853364485	1.3478111117762412	1.333896850080237
48.54226237427614	1.348777858284719	1.3347656101790348
48.70058275597165	1.3497454075450075	1.3356349911847847
48.85904001268016	1.350713760496879	1.3365049971757086
49.017634161356135	1.3516829181330898	1.3373756323099726
49.17636522484768	1.352652881474728	1.3382469008038824
49.335233225858175	1.353623651590726	1.3391188069497666
49.49423819749262	1.3545952295610704	1.3399913550832927
49.65338017273817	1.3555676165414394	1.3408645496418865
49.81265919225539	1.356540813699013	1.3417383951074568
49.97207530136498	1.357514822260265	1.342612896049694
50.13162855297419	1.358489643492684	1.3434880571100387
50.29131900164515	1.3594652787228163	1.3443638830182774
50.45114671234642	1.3604417293001494	1.345240378560516
50.61111175253128	1.3614189966507797	1.3461175486277692
50.771214203429125	1.3623970822291338	1.346995398173035
50.93145414574461	1.3633759875871687	1.3478739322738311
51.09183167268655	1.364355714287095	1.348753156054294
51.25234688415521	1.3653362639812083	1.349633074757267
51.41299988716468	1.3663176383765179	1.350513693713003
51.57379080026638	1.3672998392375029	1.3513950183421004
51.73471974971913	1.3682828684133355	1.3522770541803952
51.89578687138494	1.3692667278146438	1.3531598068585906
52.05699231584051	1.3702514194252884	1.354043282113309
52.21833623505064	1.3712369453337985	1.3549274858157985
52.37981880058082	1.3722233076520913	1.3558124238995155
52.54144019013038	1.3732105086270128	1.3566981024607208
52.703200597611776	1.374198550558206	1.357584527685325
52.86510022944758	1.375187435859936	1.3584717059049016
53.02713930541921	1.3761771670386609	1.359359643577123
53.189318059384924	1.3771677466984338	1.3602483472911788
53.35163674417279	1.3781591775455113	1.3611378237724976
53.514095617637516	1.379151462418489	1.3620280799103825
53.67669496492143	1.380144604203293	1.362919122682362
53.83943508788926	1.3811386059695012	1.363810959277125
54.00231629816335	1.3821334709059967	1.3647035970374404
54.16533893864852	1.3831292022786361	1.3655970434228424
54.328503363077694	1.3841258035620898	1.3664913061286064
54.49180995067296	1.385123278315059	1.3673863929744923
54.65525910067821	1.386121630270169	1.3682823119861263
54.818851240160924	1.3871208633008183	1.3691790713660006
54.98258681474263	1.3881209814691566	1.3700766795372965
55.1464663006221	1.389121988969705	1.3709751450940757
55.31049019638782	1.3901238902031565	1.3718744768683306
55.474659035076904	1.3911266897266261	1.3727746838861716
55.63897337639643	1.3921303923276929	1.373675775435155
55.80343380968355	1.3931350029771656	1.3745777610227832
55.968040964659615	1.394140526847517	1.3754806503939692
56.132795494637115	1.3951469693789789	1.3763844535913483
56.29769809985307	1.396154336177224	1.3772891808643852
56.46274951368198	1.3971626331564004	1.3781948427988455
56.627950514404375	1.3981718664552136	1.3791014502424972
56.793301918108284	1.3991820425092802	1.3800090143711987
56.95880458734256	1.4001931680081294	1.3809175466514154
57.12445943678973	1.4012052499485381	1.3818270588893147
57.29026742631666	1.4022182956696603	1.3827375632635757
57.45622956693241	1.4032323128109851	1.3836490722888892
57.62234692898054	1.4042473093492398	1.3845615988504467
57.78862064099594	1.4052632936489806	1.38547515625081
57.95505189546073	1.406280274456114	1.38638975820554
58.12164194533393	1.4072982609336293	1.3873054188768417
58.28839211426005	1.4083172626409248	1.388222152856543
58.45530379838676	1.409337289596822	1.3891399752244136
58.62237847775848	1.4103583522912846	1.3900589015604325
58.789617700027314	1.4113804617557464	1.3909789480098926
58.957023119217816	1.4124036294641136	1.3919001311961738
59.12459646018576	1.4134278675706073	1.3928224684368373
59.292339555680776	1.414453188693039	1.3937459775505792
59.46025433638525	1.4154796061403154	1.3946706770642645
59.628342848801616	1.416507133852287	1.3955965861610633
59.796607248674626	1.4175357865100304	1.3965237247822335
59.965049814795314	1.4185655794964707	1.3974521135941909
60.13367295687711	1.4195965289817696	1.3983817740681477
60.30247922040896	1.4206286519724978	1.3993127285272842
60.47147130529655	1.4216619663423566	1.400245000177455
60.64065205767115	1.4226964909473612	1.4011786132142765
60.81002450004972	1.4237322455768378	1.402113592782275
60.97959182848109	1.4247692511392596	1.403049965146168
61.14935743013684	1.4258075296460624	1.4039877576800692
61.31932489144598	1.4268471043206987	1.404926998969988
61.48949802044414	1.42788799964989	1.4058677188644075
61.659880852611764	1.42893024152202	1.406809948603912
61.83047767478703	1.4299738572645229	1.40775372085987
62.00129303396863	1.431018875792088	1.4086990698736381
62.172331771807535	1.4320653276624369	1.4096460315125854
62.34359902825042	1.4331132452896087	1.4105946434690468
62.51510027905267	1.4341626629684228	1.4115449452889
62.68684134896678	1.4352136171066032	1.4124969785885997
62.85882844742535	1.4362661463080602	1.413450787138039
63.03106820031909	1.4373202915942038	1.414406417069043
63.20356767370031	1.438376096601576	1.4153639170631602
63.376334426702066	1.439433607730227	1.4163233384955394
63.54937652997078	1.4404928744714622	1.417284735742345
63.72270262943683	1.4415539495244778	1.4182481662975948
63.896321989950444	1.4426168891912936	1.4192136911435742
64.07024455117521	1.4436817536486388	1.4201813750108225
64.24448097897364	1.4447486072954256	1.4211512867080505
64.4190427573454	1.445817519073032	1.4221234994287768
64.59394223777633	1.4468885630348949	1.423098091286331
64.7691927490405	1.4479618186554424	1.4240751456136795
64.94480868089272	1.449037371510597	1.4250547516033794
65.12080560290325	1.4501153137988778	1.4260370048049358
65.2972003789799	1.45119574507904	1.4270220078220448
65.47401131946896	1.4522787729822606	1.4280098709897566
65.65125833843545	1.453364514156165	1.4290007132665388
65.82896313865727	1.4544530952420027	1.4299946631607323
66.00714943327576	1.4555446540235262	1.430991859818371
66.18584318456163	1.4566393408027962	1.4319924543237141
66.36507290275455	1.4577373198831949	1.432996611104109
66.54486997005806	1.4588387714239288	1.4340045096818503
66.7252690550018	1.4599438934519622	1.4350163465788084
66.90630856848777	1.4610529044326883	1.4360323377427167
67.08803122699615	1.4621660461008763	1.4370527212242257
67.27048473473072	1.4632835869551892	1.4380777604765713
67.45372257908375	1.4644058264899087	1.4391077483490569
67.63780504263906	1.4655331001306602	1.4401430117480296
67.8228004117133	1.4666657855107665	1.4411839175550025
68.0087865033945	1.4678043099675941	1.4422308796984664
68.19585258843428	1.4689491600122144	1.4432843680805099
68.38410184724293	1.4701008932525557	1.4443449198123084
68.57365454402593	1.4712601536202852	1.4454131535573265
68.7646522075877	1.4724276910480363	1.4464897880605163
68.957263276582	1.473604387384004	1.447575666541433
69.15169081609248	1.4747912913783339	1.4486717896099557
69.34818342969938	1.4759896665017451	1.4497793602404039
69.54705107054129	1.477201058555927	1.4508998473294683
69.74868891954539	1.4784273936259442	1.4520350777421183
69.9536149233895	1.4796711259882893	1.4531873752350613
70.16253239839979	1.480935470600568	1.4543597787330056
70.37213540483613	1.4822247907785142	1.4555564061324116
70.5712452872551	1.4835187023622922	1.4567583928223233
70.76475425726392	1.4847481788302623	1.4579015571833498
70.95265504431275	1.4859433937925872	1.4590138466294003
71.1358974382606	1.4871042795837761	1.4600951280951713
71.31491360190401	1.4882366836633598	1.4611507849699497
71.4901277714905	1.4893432594734017	1.4621832378508053
71.6618538873606	1.4904266141050844	1.4631948722253194
71.83035769086722	1.4914886750096021	1.4641874460688349
71.99585834513236	1.4925310732972437	1.4651624457945107
72.15854224021155	1.4935551533770672	1.4661210940908103
72.31856886647991	1.4945620580410914	1.4670644285380405
72.47607646515577	1.4955527645713362	1.4679933346894851
72.63118581803887	1.4965281195241777	1.4689085780859028
72.78400334977862	1.4974888620419482	1.4698108256562217
72.93462346764998	1.4984356429410788	1.4707006632573603
73.0831304329813	1.4993690391039025	1.4715786088841714
73.22959986172334	1.500289564989076	1.4724451232328744
73.37409995584159	1.5011976818598867	1.4733006181668467
73.51669249103458	1.5020938053569888	1.4741454636632272
73.65743364412582	1.5029783115707929	1.4749799933778265
73.7963746924376	1.503851542128043	1.475804509306301
73.93356258281571	1.5047138084913496	1.4766192857241733
74.06904043791934	1.5055653954558124	1.477424572386464
74.20284795847557	1.5064065642611877	1.4782205973788674
74.33502180058407	1.507237555062399	1.4790075693747031
74.46559587854009	1.5080585892486065	1.4797856797591111
74.59460162659406	1.5088698713027604	1.4805551043273244
74.72206825519974	1.509671590408574	1.4813160047511555
74.84802293792916	1.5104639220254927	1.4820685300219592
74.97249099580017	1.5112470290347293	1.4828128174924415
75.09549606581231	1.5120210628707933	1.4835489939095097
75.2170602344335	1.5127861645563265	1.484277176359782
75.33720416479929	1.5135424655202463	1.4849974730129156
75.45594721392773	1.5142900883778494	1.4857099838320198
75.57330752567346	1.5150291476497841	1.4864148012289051
75.68930212842648	1.5157597503308957	1.4871120105788749
75.80394701259608	1.5164819964893337	1.4878016907666674
75.91725720092828	1.5171959797404821	1.4884839146150581
76.02924682307123	1.517901787676811	1.4891587492730907
76.13992916831813	1.518599502324685	1.4898262566317073
76.2493167460821	1.519289200465681	1.4904864936112632
76.3574213314796	1.5199709540064283	1.4911395124966582
76.46425401060164	1.5206448302559799	1.4917853611850476
76.56982522819533	1.5213108922014786	1.4924240834328055
76.67414482167123	1.5219691987990802	1.4930557191179497
76.77722205454104	1.5226198051798001	1.4936803044216995
76.87906565471265	1.5232627628519162	1.4942978720072249
76.97968383923705	1.5238981199337571	1.4949084512280495
77.07908434499817	1.5245259213020343	1.4955120682557062
77.17727445311415	1.5251462087772443	1.4961087462432285
77.27426101439409	1.525759021269804	1.4966985054510642
77.37005047193564	1.5263643949326964	1.49728136337929
77.4646488816028	1.5269623632961538	1.4978573348825137
77.55806193053697	1.5275529573889517	1.4984264322717222
77.65029495779882	1.5281362058472108	1.498988665403832
77.74135297324258	1.5287121350362436	1.4995440417834431
77.83124067018983	1.529280769161061	1.5000925666531957
77.91996244928919	1.5298421303377912	1.5006342430458084
78.00752242478481	1.5303962387345167	1.5011690719023425
78.09392444500037	1.5309431126017565	1.5016970520830861
78.1791721090834	1.5314827683911427	1.5022181804624741
78.26326877833807	1.5320152208500797	1.5027324519996108
78.34621759294299	1.532540483081841	1.503239859773962
78.42802148915197	1.5330585666384193	1.503740395050994
78.50868320887854	1.533569481615391	1.5042340473478233
78.58820532286774	1.5340732366980618	1.5047208044495457
78.66659024256894	1.5345698392911493	1.5052006525036865
78.74384024108508	1.535059295576385	1.5056735760420086
78.81995747347831	1.5355416106250517	1.5061395580519348
78.89494399598567	1.5360167885044769	1.5065985800381072
78.96880178911923	1.536484832375387	1.5070506220704447
79.04153279424692	1.5369457446108008	1.5074956628475742
79.1131389320682	1.5373995269958705	1.5079336798320317
79.1836221450479	1.5378461808110058	1.508364649265262
79.25298443986648	1.5382857070601197	1.5087885463138857
79.32122793415985	1.5387181066937254	1.5092053452004148
79.38835491546446	1.539143380852566	1.5096150193411835
79.45436791243314	1.539561531179864	1.5100175415352959
79.51926978120058	1.539972560200975	1.5104128842001296
79.5830638076574	1.540376471786344	1.5108010196645423
79.64575383592218	1.540773271699899	1.5111819205165828
79.70734443394133	1.5411629682935903	1.5115555600572297
79.76784109407252	1.5415455734115566	1.5119219129119532
79.82725049498784	1.5419211034846823	1.5122809557695867
79.88558083438303	1.5422895809712753	1.512632668381534
79.9428422776525	1.5426510361918309	1.5129770348448373
79.99904753449152	1.5430055098227533	1.513314045390773
80.0542126547688	1.5433530561015525	1.5136436986847022
80.10835812058583	1.5436937472779917	1.513966005081717
80.16151036092911	1.5440276797400863	1.5142809911488906
80.21370396695555	1.5443549825255378	1.514588705982018
80.26498491097837	1.5446758298230472	1.5148892306026867
80.31541549205018	1.5449904591509227	1.5151826916525237
80.36508209032884	1.5452991993580332	1.515469282648244
80.41410790747156	1.545602514559929	1.5157492974053743
80.46267483931987	1.5459010763706207	1.5160231850879613
80.511062899944	1.5461958878528406	1.5162916445448966
80.55972429937245	1.5464885064872043	1.516555793008753
80.60942042832389	1.5467814610461053	1.5168174767931462
80.66138614594652	1.5470790120603994	1.517079814419113
80.7165973189508	1.547387996523577	1.5173476449297303
80.77452327247407	1.5477132448991382	1.5176230652708238
80.81714685779542	1.5480501009917362	1.5178988104805762
80.83807761779536	1.5482941818082525	1.5180902891100565
80.84985969307327	1.5484125509209834	1.5181798233453723
80.86281167172956	1.548478675265501	1.5182286948634507
80.88533802982053	1.5485508988831425	1.518281011113204
80.9388052106238	1.5486752074694436	1.5183680645516646
80.96998305076679	1.5489618672934755	1.518549361593597
80.9866603655644	1.5491216302186896	1.5186327580398737
80.99358230071905	1.549204051860654	1.5186681983139392
80.99835110281462	1.5492375159392138	1.5186806588638377
81.01098455222413	1.5492602907201785	1.5186883978175079
81.02412559600411	1.5493194187351365	1.5187052565824728
81.03298666529585	1.5493788416657406	1.5187165102094415
81.0386632283563	1.5494175489007946	1.5187199862232896
81.0438166650142	1.5494417058482335	1.5187202818435264
81.0521476823922	1.5494631708293605	1.5187191437525887
81.06510677758827	1.5494968628310455	1.5187142597187886
81.07308707151445	2.213095156606319	2.213095156606319
81.28962669712061	2.213147309330395	2.213147309330395
81.39728966349594	2.21453607085354	2.21453607085354
81.51769466086053	2.2152102283017663	2.2152102283017663
81.63891639374772	2.215953675418771	2.215953675418771
81.76491411877194	2.2166925923274046	2.2166925923274046
81.89480003433634	2.2174519896443323	2.2174519896443323
82.02918502036255	2.218227044376014	2.218227044376014
82.1682506564087	2.2190219700303913	2.2190219700303913
82.31234364118481	2.2198383489449194	2.2198383489449194
82.46179540138105	2.220678693413633	2.220678693413633
82.61698080164015	2.221545376443066	2.221545376443066
82.77830217494103	2.2224409786908597	2.2224409786908597
82.94619589345103	2.2233681966097025	2.2233681966097025
83.12113029091856	2.224329882297498	2.224329882297498
83.30360380099886	2.2253290333580633	2.2253290333580633
83.4941388791032	2.2263687842775344	2.2263687842775344
83.6932709107061	2.227452373902244	2.227452373902244
83.90152939060007	2.2285830846130232	2.2285830846130232
84.1194085764311	2.2297641378281243	2.2297641378281243
84.3473247825651	2.230998530034792	2.230998530034792
84.58555917968896	2.232288793325662	2.232288793325662
84.83418892343735	2.2336366740099542	2.2336366740099542
85.09301718615308	2.2350427452134376	2.2350427452134376
85.36152212512067	2.2365060131630137	2.2365060131630137
85.63885054227165	2.238023630296732	2.238023630296732
85.9238752158322	2.2395908607050306	2.2395908607050306
86.21531157954666	2.2412014052120597	2.2412014052120597
86.51186100539705	2.242848061817512	2.242848061817512
86.81233632872751	2.2445235366634835	2.2445235366634835
87.11573866327912	2.2462211549569404	2.2462211549569404
87.42128120558101	2.247935296879526	2.247935296879526
87.72837455130288	2.249661533994119	2.249661533994119
88.03659326953736	2.25139654801052	2.25139654801052
88.34563826304043	2.253137943361339	2.253137943361339
88.65530311133452	2.25488403564479	2.25488403564479
88.96544715490636	2.256633662278362	2.256633662278362
89.27597537351541	2.258386031003633	2.258386031003633
89.58682394539889	2.260140606600119	2.260140606600119
89.89795021869384	2.2618970295683787	2.2618970295683787
90.20932572010462	2.2636550596529754	2.2636550596529754
90.52093151772516	2.265414536464759	2.265414536464759
90.83275503805636	2.2671753533629264	2.2671753533629264
91.14478795146216	2.268937439525614	2.268937439525614
91.45702474528566	2.27070074803877	2.27070074803877
91.7694617845655	2.2724652478580727	2.2724652478580727
92.08209669215039	2.274230918517707	2.274230918517707
92.3949279152297	2.2759977466384056	2.2759977466384056
92.70795445566425	2.277765723485176	2.277765723485176
93.02117567548886	2.279534843448193	2.279534843448193
93.33459120642797	2.281305102946852	2.281305102946852
93.64820080561766	2.283076499920553	2.283076499920553
93.96200434707978	2.284849033014708	2.284849033014708
94.27600179782388	2.2866227015335054	2.2866227015335054
94.59019315483852	2.288397505305478	2.288397505305478
94.90457845037358	2.290173444327794	2.290173444327794
95.21915772258393	2.29195051879639	2.29195051879639
95.53393106325639	2.2937287289402186	2.2937287289402186
95.84889853915514	2.2955080752911607	2.2955080752911607
96.16406023685968	2.2972885582395004	2.2972885582395004
96.47941623199138	2.2990701782874323	2.2990701782874323
96.79496663675513	2.3008529358751395	2.3008529358751395
97.11071151058715	2.302636831649577	2.302636831649577
97.42665097045727	2.304421865959359	2.304421865959359
97.74278510119642	2.3062080394783413	2.3062080394783413
98.05911398869257	2.307995352698679	2.307995352698679
98.37563775004318	2.3097838061184977	2.3097838061184977
98.69235645519424	2.311573400412374	2.311573400412374
99.00927021449738	2.313364135988302	2.313364135988302
99.3263791141958	2.315156013482727	2.315156013482727
99.64368326524904	2.3169490333957903	2.3169490333957903
