#t	N(t)
0.0	2
0.20977437494935952	2
0.2675647703230707	2
0.33403421848765597	2
0.39973985780033217	2
0.4675622692664908	2
0.5367684213651863	2
0.6076704797359129	2
0.6802837269485588	2
0.754717217665785	2
0.8310607751083832	2
0.9094188724650041	2
0.989901643203128	2
1.0726286067536184	2
1.1577287902477036	2
1.2453420866190035	2
1.3356204431915322	2
1.428729331900028	2
1.5248494121801157	2
1.6241784603380796	2
1.7269336056143645	2
1.8333539416724827	2
1.9437035796858544	2
2.058275240750044	2
2.1773945141034408	2
2.3014249148204304	2
2.4307739412579323	2
2.565900369957701	2
2.7073231032477505	2
2.85563197307789	2
3.011501051765717	2
3.175705176400459	2
3.3491406595594344	2
3.532851524169572	2
3.728063092849813	2
3.9362255051624087	2
4.159070947841667	2
4.3986899719268235	2
4.6576351797242115	2
4.939064934906777	2
5.246947441640052	2
5.5840001757203055	2
5.953706493039285	2
6.363527965768318	2
6.822030325472728	2
7.341279202791931	2
7.937537883859292	2
8.633359114572002	2
9.458573067628782	2
10.444061937049495	2
11.419180303449023	2
12.378052457324056	2
13.33899390991819	2
14.297518811361039	2
15.256255614625182	2
16.214248872960088	2
17.171940450914303	2
18.129151092383008	2
19.08595824350042	2
20.042330059730276	2
20.998280585004558	2
21.953803982186535	2
22.908903198185882	2
23.863576731508676	2
24.817825722380803	2
25.771650577362887	2
26.725050670220302	2
27.67802700562799	2
28.630579225713593	2
29.582707678494167	2
30.534412850773016	2
31.48569457265424	2
32.43655307342617	2
33.38698861869005	2
34.33700156450722	2
35.28659177199038	2
36.23575974341912	2
37.18450530355653	2
38.13282914175234	2
39.08073113723547	2
40.02821170862495	2
40.9752707475307	2
41.92190859588837	2
42.8681254690138	2
43.81392153095866	2
44.75929711160896	2
45.704251972507315	2
46.64878692898107	2
47.592901864565704	2
48.536596951444494	2
49.47987228602865	2
50.42272823597141	2
51.365165041075535	2
52.307182637199745	2
53.24878145855286	2
54.189961756507955	2
55.13072344280301	2
56.071067036541116	2
57.01099263108427	2
57.9505000723076	2
58.88959006247085	2
59.82826245860646	2
60.766517699556736	2
61.70435552482981	2
62.64177666182657	2
63.57878097964872	2
64.51536876801373	2
65.45154030358076	2
66.38729565644677	2
67.32263487922935	2
68.25755883309715	2
69.19206684667957	2
70.12615954575348	2
71.05983702604539	2
71.9930995948032	2
72.92594730017623	2
73.85838048024998	2
74.79039915491337	2
75.72200373630064	2
76.6531940532278	2
77.58397069078512	2
78.51433358892497	2
79.44428300058892	2
80.37381914049914	2
81.3029423556849	2
82.23165262635385	2
83.15995027557535	2
84.08783535996997	2
85.0153081667858	2
85.94236884594486	2
86.86901739500135	2
87.79525444073376	2
88.72107968877289	2
89.64649379074879	2
90.57149637736569	2
91.49608836403237	2
92.42026944031294	2
93.34403975287313	2
94.26739955615498	2
95.19034929230492	2
96.11288902145444	2
97.03501874116617	2
97.95673907853227	2
98.87804955031028	2
99.79895107755318	2
100.71944332219974	2
101.63952654326998	2
102.5592013218808	2
103.47846744480282	2
104.3973250066101	2
105.31577475977028	2
106.23381628520985	2
107.15145003920544	2
108.06867629777388	2
108.98549499398906	2
109.90190649620708	2
110.8179109023618	2
111.73350845328548	2
112.64869945909466	2
113.56348387777479	2
114.47786198771637	2
115.39183380698222	2
116.30539992232791	2
117.21856016051687	2
118.1313149852149	2
119.04366415102155	2
119.95560824330693	2
120.8671474379724	2
121.778281714519	2
122.68901131206395	2
123.59933665483035	2
124.50925761404376	2
125.41877452068209	2
126.32788721374826	2
127.2365966066324	2
128.14490226468942	2
129.05280493822568	2
129.9603040112309	2
130.8674002320942	2
131.7740938242833	2
132.68038462523452	2
133.58627293964082	2
134.49175929898402	2
135.3968433730663	2
136.30152568417526	2
137.2058061511483	2
138.10968522794067	2
139.0131628940393	2
139.91623941755617	2
140.8189149302987	2
141.72118974228783	2
142.62306392688527	2
143.524537774388	2
144.42561121033037	2
145.32628481296575	2
146.22655836542927	2
147.1264323785649	2
148.02590673256847	2
148.92498191652567	2
149.82365767448195	2
150.72193457942572	2
151.61981287650812	2
152.51729239891475	2
153.4143735754566	2
154.31105654249424	2
155.20734146579454	2
156.1032283900639	2
156.9987175624777	2
157.8938094167255	2
158.78850379435033	2
159.68280112803424	2
160.576701271327	2
161.470204687261	2
162.36331161245107	2
163.25602203522314	2
164.14833610874695	2
165.04025413561683	2
165.93177637801415	2
166.82290305148527	2
167.71363385025134	2
168.60396936108054	2
169.49390977558753	2
170.38345518137996	2
171.2726056920928	2
172.16136147950382	2
173.04972295816324	2
173.93768997179316	2
174.8252628605828	2
175.71244172016367	2
176.599226997635	2
177.4856184956661	2
178.37161690566856	2
179.25722188235454	2
180.1424338104275	2
181.02725283586844	2
181.91167925648313	2
182.79571301091886	2
183.67935466861792	2
184.5626039498215	2
185.445461390296	2
186.327926892209	2
187.21000079975278	2
188.0916832038426	2
188.97297411170038	2
189.85387426873166	2
190.73438312686332	2
191.61450147121462	2
192.49422907709004	2
193.3735664925146	2
194.25251338803258	2
195.1310703722094	2
196.00923745242207	2
196.88701489198078	2
197.76440269606144	2
198.64140119688756	2
199.51801045643947	2
200.39423084720914	2
201.270062273205	2
202.14550512804033	2
203.02055936100402	2
203.89522532545908	2
204.76950323978795	2
205.64339302825178	2
206.51689513818596	2
207.39000955537557	2
208.26273654870747	2
209.13507616494553	2
210.007028778751	2
210.87859439980136	2
211.74977336637292	2
212.62056560903727	2
213.49097146004866	2
214.36099113951906	2
215.2306248472468	2
216.09987244196657	2
216.96873441024488	2
217.83721098028343	2
218.70530186632263	2
219.57300770357352	2
220.4403285460913	2
221.3072643728877	2
222.17381557558963	2
223.03998217682465	2
223.9057644870273	2
224.77116276453327	2
225.63617693635638	2
226.50080731061573	2
227.36505389066582	2
228.2289170564744	2
229.09239682849184	2
229.95549352600946	2
230.81820715918693	2
231.68053803539522	2
232.5424862339418	2
233.4040519745679	2
234.26523534910982	2
235.12603671141247	2
235.98645591704184	2
236.84649355421516	2
237.70614929666763	2
238.56542378208295	2
239.42431678842328	2
240.2828287827536	2
241.14095991989433	2
241.9987100044629	2
242.85607974680664	2
243.7130688450487	2
244.5696778072217	2
245.42590650922244	2
246.28175527117833	2
247.13722436985623	2
247.99231379925843	2
248.8470239181358	2
249.70135445474594	2
250.55530620380765	2
251.4088787531597	2
252.2620727969819	2
253.11488810042835	2
253.9673249310224	2
254.81938371877013	2
255.67106409171393	2
256.52236680806243	2
257.3732914571477	2
258.2238386008158	2
259.0740083743322	2
259.9238009085941	2
260.77321626966926	2
261.62225461673455	2
262.47091614311415	2
263.3192012673983	2
264.16710972599935	2
265.01464219563036	2
265.8617983297634	2
266.7085785619045	2
267.5549830074958	2
268.401011866668	2
269.2466652780115	2
270.09194340256397	2
270.93684635038204	2
271.78137426051774	2
272.62552765779117	2
273.4693060713301	2
274.3127101282536	2
275.1557400157281	2
275.99839561801235	2
276.84067724104466	2
277.6825851212381	2
278.52411928895623	2
279.3652800259456	2
280.2060674756818	2
281.04648167333386	2
281.88652293906256	2
282.7261912650467	2
283.5654870595695	2
284.40441015336273	2
285.24296103301447	2
286.0811397286033	2
286.9189463483553	2
287.756381271858	2
288.5934443630903	2
289.43013603381405	2
290.26645628880595	2
291.1024052906142	2
291.9379834059694	2
292.7731903151525	2
293.60802672741954	2
294.4424923787287	2
295.27658778635487	2
296.1103129616571	2
296.9436678519022	2
297.7766529764833	2
298.60926829267777	2
299.4415141366555	2
300.27339051138927	2
301.1048975989476	2
301.93603559218457	2
302.76680456885737	2
303.59720473732386	2
304.4272362689274	2
305.2568992993881	2
306.08619401043165	2
306.91512044169434	2
307.7436791080247	2
308.5718698352751	2
309.39969298825474	2
310.22714852681264	2
311.0542366570026	2
311.88095761389866	2
312.70731160774255	2
313.5332986045373	2
314.3589189982015	2
315.1841727084534	2
316.009060040597	2
316.8335809830687	2
317.65773605547514	2
318.4815251163264	2
319.30494843093305	2
320.12800590363446	2
320.9506980297961	2
321.77302476392293	2
322.59498659989765	2
323.41658340317304	2
324.2378152184691	2
325.0586824996466	2
325.879185159352	2
326.699323461942	2
327.5190975713703	2
328.3385076645679	2
329.15755390110536	2
329.9762363232891	2
330.7945552220147	2
331.61251056280247	2
332.4301027327787	2
333.2473319060395	2
334.06419782114864	2
334.88070126094533	2
335.69684191179624	2
336.5126200031047	2
337.3280357680207	2
338.14308943738394	2
338.9577809880853	2
339.77211068091674	2
340.5860785833281	2
341.3996849948365	2
342.2129301067121	2
343.0258138053093	2
343.83833652939865	2
344.650498147848	2
345.4622990884207	2
346.27373931055627	2
347.0848191902781	2
347.8955387719269	2
348.70589804654077	2
349.5158973056517	2
350.3255367761053	2
351.13481654842127	2
351.9437366324536	2
352.75229732690445	2
353.56049887780955	2
354.36834113698984	2
355.17582467738004	2
355.9829493174705	2
356.7897152481796	2
357.5961227019238	2
358.4021718523646	2
359.2078628652241	2
360.0131957646656	2
360.81817076712696	2
361.6227881669588	2
362.4270479368322	2
363.2309502633028	2
364.0344953812409	2
364.83768319068173	2
365.6405142024453	2
366.44298820508976	2
367.24510569642746	2
368.04686669990224	2
368.84827123807605	2
369.64931952852476	2
370.4500118496376	2
371.25034825567525	2
372.0503287953585	2
372.8499538573809	2
373.6492233114573	2
374.4481375899295	2
375.2466966415532	2
376.0449005703326	2
376.8427498023886	2
377.64024411975817	2
378.4373839492652	2
379.2341694664704	2
380.0306006751894	2
380.826677675481	2
381.6224008287393	2
382.41777004320966	2
383.2127855794763	2
384.0074476753857	2
384.8017562922653	2
385.5957116593805	2
386.3893139614854	2
387.18256345977505	2
387.9754601659118	2
388.7680042128566	2
389.56019576995885	2
390.3520349773371	2
391.1435220022762	2
391.93465687943575	2
392.7254399685784	2
393.5158714324874	2
394.3059511074774	2
395.0956794393151	2
395.8850563352095	2
396.6740822886117	2
397.4627570108179	2
398.25108107620997	2
399.03905422110154	2
399.82667689427376	2
400.6139490810386	2
401.400871154138	2
402.1874429348444	2
402.9736648623831	2
403.7595368759142	2
404.5450592077411	2
405.33023201345816	2
406.1150553538009	2
406.89952948471864	2
407.68365434974896	2
408.4674303297585	2
409.25085754468245	2
410.03393601791754	2
410.8166660773576	2
411.5990475633618	2
412.3810809587417	2
413.16276615923096	2
413.94410344898847	2
414.7250930341515	2
415.50573478555265	2
416.28602915362745	2
417.06597614810124	2
417.84557582455716	2
418.62482844029205	2
419.40373416418396	2
420.1822929277532	2
420.9605051759896	2
421.7383708700465	2
422.5158902317063	2
423.29306327194587	2
424.06989031388997	2
424.84637146302526	2
425.6225067294141	2
426.3982963524701	2
427.17374049959255	2
427.94883927356665	2
428.7235927885195	2
429.4980011605987	2
430.27206464914116	2
431.0457834465484	2
431.81915751595005	2
432.59218694817724	2
433.364872155949	2
434.1372130264356	2
434.90920982503064	2
435.68086271253355	2
436.45217183324445	2
437.2231371880574	2
437.99375916801597	2
438.76403772037264	2
439.53397301345615	2
440.30356527045143	2
441.0728143760169	2
441.84172081998577	2
442.61028454509864	2
443.37850575923704	2
444.146384697176	2
444.9139212055745	2
445.68111565334345	2
446.44796800800407	2
447.21447866391236	2
447.98064745286354	2
448.7464748776919	2
449.51196082469113	2
450.27710541555655	2
451.04190885013514	2
451.8063713706623	2
452.5704929998261	2
453.3342738840077	2
454.09771423568225	2
454.8608140727748	2
455.6235737728946	2
456.38599311511194	2
457.14807258902545	2
457.909812034443	2
458.6712118501131	2
459.43227199479765	2
460.1929926144994	2
460.9533741001389	2
461.7134162626347	2
462.4731193146597	2
463.23248346196516	2
463.99150881708	2
464.7501955717915	2
465.50854376315783	2
466.2665534484846	2
467.02422509292694	2
467.78155859773676	2
468.53855413836635	2
469.2952118146943	2
470.051531834984	2
470.80751438705147	2
471.5631594310756	2
472.3184672624186	2
473.07343798490234	2
473.82807165877574	2
474.58236832979946	2
475.33632836938233	2
476.0899518008414	2
476.8432388229173	2
477.59618945854936	2
478.3488039273598	2
479.10108238947936	2
479.8530248875888	2
480.60463161895706	2
481.3559027327017	2
482.1068382615524	2
482.8574385045697	2
483.6077034609717	2
484.35763332629864	2
485.10722819932295	2
485.85648829283383	2
486.60541351448325	2
487.3540042387545	2
488.1022605080881	2
488.8501826238918	2
489.5977704844386	2
490.3450243958862	2
491.09194429803404	2
491.8385304880386	2
492.58478296116374	2
493.33070206348424	2
494.0762877100956	2
494.8215401761485	2
495.5664595333492	2
496.3110458072672	2
497.05529944086624	2
497.79922018151893	2
498.54280848676126	2
499.28606436193246	2
500.02898786274244	2
500.77157922131164	2
501.5138385785566	2
502.2557660591599	2
502.99736168971504	2
503.7386257526958	2
504.47955832515294	2
505.22015938108973	2
505.9604293361066	2
506.700368093316	2
507.4399759463067	2
508.1792529021359	2
508.918199169982	2
509.65681480303726	2
510.3950999608867	2
511.13305486770184	2
511.87067956482235	2
512.6079742684169	2
513.344938970892	2
514.0815739449553	2
514.8178791554536	2
515.5538549016485	2
516.2895012495061	2
517.0248182984295	2
517.7598061709317	2
518.4944650487977	2
519.2287950597974	2
519.9627962924247	2
520.6964689188428	2
521.4298129672017	2
522.1628287699565	2
522.8955162522908	2
523.6278756497883	2
524.3599070793604	2
525.0916107310283	2
525.8229866100675	2
526.5540348829022	2
527.284755652659	2
528.0151491058149	2
528.745215386842	2
529.4749545396755	2
530.2043668954348	2
530.933452321979	2
531.6622110827839	2
532.3906433512471	2
533.1187491029438	2
533.8465285061801	2
534.5739818231768	2
535.3011089601546	2
536.0279102727606	2
536.7543857658159	2
537.4805356868225	2
538.2063599427931	2
538.9318588633694	2
539.6570324710926	2
540.3818809375023	2
541.1064043843652	2
541.8306029058276	2
542.5544766126447	2
543.2780257570599	2
544.0012504210333	2
544.7241506292331	2
545.4467265380941	2
546.1689783178582	2
546.8909061069251	2
547.6125098898659	2
548.3337900352539	2
549.0547465185499	2
549.7753793758536	2
550.4956889822729	2
551.2156752047507	2
551.9353383778141	2
552.654678534132	2
553.3736958017877	2
554.0923903110817	2
554.8107622988803	2
555.5288116432704	2
556.2465385983771	2
556.9639433592403	2
557.681025935614	2
558.3977865570587	2
559.1142252033031	2
559.83034221411	2
560.5461374789842	2
561.261611271383	2
561.9767637445681	2
562.691594861294	2
563.4061048909692	2
564.1202939665907	2
564.8341620531585	2
565.5477093512524	2
566.2609360441422	2
566.973842196172	2
567.6864280043678	2
568.3986934723489	2
569.1106388660007	2
569.8222642281694	2
570.5335695744564	2
571.2445553149583	2
571.9552213120119	2
572.6655677607847	2
573.375594819015	2
574.0853026032737	2
574.7946911840656	2
575.5037607409606	2
576.2125113333634	2
576.92094325919	2
577.629056402375	2
578.3368509536498	2
579.044327155148	2
579.7514850101522	2
580.4583246773591	2
581.164846238717	2
581.871049925773	2
582.5769357651423	2
583.2825039520363	2
583.9877545316813	2
584.6926876381433	2
585.3973033453974	2
586.101601935692	2
586.805583379486	2
587.5092478503136	2
588.2125954825916	2
588.9156264356528	2
589.618340748591	2
590.3207385243721	2
591.0228199110812	2
591.7245851273797	2
592.426034138114	2
593.1271671932473	2
593.8279842901974	2
594.5284856223335	2
595.2286713169503	2
595.9285414726899	2
596.6280962952159	2
597.3273357560805	2
598.0262600038988	2
598.7248692281581	2
599.423163493818	2
600.1211429998641	2
600.8188077784174	2
601.5161579669349	2
602.2131936542738	2
602.9099150685385	2
603.6063222532084	2
604.30241533393	2
604.9981944957364	2
605.693659682272	2
606.3888111741458	2
607.083649036096	2
607.7781733763276	2
608.472384325893	2
609.1662819295572	2
609.8598664963981	2
610.5531378802086	2
611.2460964156144	2
611.9387421338242	2
612.6310752629511	2
613.3230956983938	2
614.014803766969	2
614.7061994997258	2
615.3972829273002	2
616.0880543883111	2
616.7785136938319	2
617.4686612957444	2
618.1584970090792	2
618.8480211518946	2
619.5372338036657	2
620.226135060151	2
620.9147250112144	2
621.603003786745	2
622.2909715239241	2
622.9786283595548	2
623.6659742688886	2
624.3530095965714	2
625.0397342870805	2
625.7261484826015	2
626.4122523872875	2
627.0980460000721	2
627.7835295143583	2
628.4687029894848	2
629.1535665901448	2
629.8381204300161	2
630.522364574146	2
631.2062992164059	2
631.8899243685577	2
632.5732401175336	2
633.2562468262979	2
633.9389443228259	2
634.6213329400052	2
635.303412621467	2
635.9851836029458	2
636.6666459276248	2
637.3477997063098	2
638.0286451568943	2
638.7091822763808	2
639.3894112992143	2
640.0693321380481	2
640.7489451754899	2
641.428250304158	2
642.1072476928155	2
642.7859374833589	2
643.4643198541258	2
644.1423947738662	2
644.820162440719	2
645.4976229476729	2
646.1747764134066	2
646.8516228784811	2
647.5281626628307	2
648.2043956951862	2
648.880322153447	2
649.5559421250224	2
650.2312556378387	2
650.9062630064775	2
651.5809641575053	2
652.2553593495961	2
652.9294485585648	2
653.6032320173973	2
654.2767098074934	2
654.9498820422266	2
655.6227487700132	2
656.295310133593	2
656.9675662935871	2
657.6395173265985	2
658.3111633305784	2
658.982504384126	2
659.653540673502	2
660.3242723071172	2
660.994699337203	2
661.6648218823323	2
662.3346400754401	2
663.004154049613	2
663.6733639324659	2
664.3422697336786	2
665.0108716997779	2
665.679169775242	2
666.3471642699111	2
667.0148550842451	2
667.6822425373572	2
668.3493265966608	2
669.0161073760194	2
669.682585040283	2
670.3487597193141	2
671.0146313708252	2
671.6802002834052	2
672.3454664114711	2
673.0104300286057	2
673.6750911439913	2
674.3394499119863	2
675.0035064015289	2
675.6672607762931	2
676.3307131164787	2
676.9938635469097	2
677.6567120529272	2
678.3192589749933	2
678.98150419785	2
679.6434479987754	2
680.3050903830086	2
680.9664315226739	2
681.6274714045576	2
682.288210315851	2
682.9486482262289	2
683.6087852684234	2
684.2686216499369	2
684.9281572930846	2
685.5873924501665	2
686.2463271998336	2
686.9049616211614	2
687.5632959049896	2
688.22133008623	2
688.8790642854449	2
689.5364986729385	2
690.1936332010362	2
690.8504681343849	2
691.5070035328195	2
692.1632394638962	2
692.8191760257348	2
693.4748133033668	2
694.1301515613736	2
694.7851907590677	2
695.4399310576958	2
696.0943725395721	2
696.748515389527	2
697.4023596190956	2
698.0559053858567	2
698.709152768572	2
699.3621018438321	2
700.0147527304671	2
700.6671055632415	2
701.3191604616001	2
701.9709175157873	2
702.6223767989895	2
703.273538546972	2
703.9244026913084	2
704.5749694320309	2
705.2252388216726	2
705.8752109804961	2
706.5248860661965	2
707.1742641689624	2
707.8233452759337	2
708.4721296904551	2
709.1206173747242	2
709.7688084973652	2
710.416703168284	2
711.0643014647469	2
711.7116034928993	2
712.3586093051373	2
713.0053190743831	2
713.6517328693868	2
714.2978508944124	2
714.9436730758322	2
715.5891996983087	2
716.234430719833	2
716.8793663472746	2
717.5240066007979	2
718.1683517050913	2
718.812401612301	2
719.4561565568509	2
720.0996165443415	2
720.7427817589164	2
721.385652228314	2
722.0282281463668	2
722.6705094907086	2
723.3124964579964	2
723.9541891437581	2
724.5955876328017	2
725.2366920562733	2
725.877502468333	2
726.5180190481221	2
727.1582417742785	2
727.7981708687632	2
728.4378063348271	2
729.0771483705403	2
729.7161969783895	2
730.354952423757	2
730.9934146618369	2
731.6315837745551	2
732.269460024983	2
732.9070433468793	2
733.5443339053468	2
734.1813318794377	2
734.8180372425661	2
735.4544501792376	2
736.0905707896244	2
736.726399111056	2
737.3619352900545	2
737.9971794763376	2
738.6321316556662	2
739.266792055929	2
739.9011606214881	2
740.5352376047873	2
741.1690229611844	2
741.8025170141647	2
742.4357196400985	2
743.0686310522617	2
743.7012512585526	2
744.3335804751905	2
744.9656187940947	2
745.597366282888	2
746.2288229573405	2
746.8599890707878	2
747.4908646505609	2
748.1214498015651	2
748.751744633135	2
749.3817492323653	2
750.011463637503	2
750.64088804743	2
751.2700225444569	2
751.8988670809878	2
752.5274219832098	2
753.1556872287231	2
753.783662922007	2
754.4113492441026	2
755.0387461268451	2
755.6658538606689	2
756.2926723971899	2
756.9192019351711	2
757.5454425018181	2
758.171394204858	2
758.797057195884	2
759.4224314748333	2
760.0475173101923	2
760.672314603026	2
761.2968236233042	2
761.921044334048	2
762.5449769464763	2
763.1686214639435	2
763.7919779970796	2
764.4150466718997	2
765.0378276347838	2
765.6603208936745	2
766.2825266420649	2
766.9044448900978	2
767.5260757572879	2
768.1474193211516	2
768.7684757637086	2
769.3892450879829	2
770.009727486007	2
770.6299229202358	2
771.2498316391841	2
771.8694536866429	2
772.4887891034325	2
773.1078380340472	2
773.7266005842478	2
774.3450768310477	2
774.9632669259755	2
775.581170830233	2
776.1987887476223	2
776.8161207590863	2
777.4331669681917	2
778.0499274270462	2
778.666402284026	2
779.282591612308	2
779.8984954804229	2
780.5141140081126	2
781.1294472925242	2
781.7444954722591	2
782.3592585845425	2
782.9737367783815	2
783.5879300193011	2
784.2018385711126	2
784.8154624638338	2
785.4288018043544	2
786.0418566499578	2
786.6546271190875	2
787.2671132969956	2
787.8793153221093	2
788.4912332197421	2
789.1028671413376	2
789.71421715944	2
790.3252833040933	2
790.9360658233447	2
791.5465646624224	2
792.1567800037853	2
792.7667118822503	2
793.3763604818781	2
793.9857258214129	2
794.594808029106	2
795.2036071793041	2
795.8121233587927	2
796.4203566781548	2
797.0283072355003	2
797.6359751106954	2
798.2433603933539	2
798.8504632225292	2
799.45728364928	2
800.063821734814	2
800.6700776886529	2
801.2760514433786	2
801.8817432552288	2
802.4871531081875	2
803.0922811996356	2
803.6971274789795	2
804.3016921142317	2
804.9059751992241	2
805.5099768736073	2
806.1136970992728	2
806.7171361151431	2
807.3202939248001	2
807.923170659443	2
808.5257663803238	2
809.1280812146105	2
809.7301152167086	2
810.3318685311739	2
810.9333412015692	2
811.5345333565804	2
812.1354450509015	2
812.7360764445949	2
813.3364275346978	2
813.9364984545899	2
814.5362893696458	2
815.1358001905353	2
815.7350312456106	2
816.3339824434227	2
816.9326539491102	2
817.5310458674339	2
818.1291582265504	2
818.7269911959535	2
819.3245447964407	2
819.9218191907638	2
820.5188144134668	2
821.1155305416427	2
821.7119677249206	2
822.3081260445017	2
822.9040055046877	2
823.4996063204954	2
824.0949285066023	2
824.6899721635426	2
825.2847373948667	2
825.8792243048983	2
826.4734330206317	2
827.0673635147434	2
827.6610159753966	2
828.2543904471387	2
828.8474870176503	2
829.4403058041586	2
830.0328469563137	2
830.6251103923707	2
831.2170963716843	2
831.8088048764366	2
832.4002360532686	2
832.9913900062309	2
833.5822667929957	2
834.1728664495406	2
834.7631891073958	2
835.3532349306918	2
835.9430038762516	2
836.5324961608995	2
837.1217118250374	2
837.7106509729709	2
838.2993136353716	2
838.8876999390369	2
839.4758099558405	2
840.0636437669181	2
840.6512015292458	2
841.2384832741686	2
841.8254890792198	2
842.4122190534874	2
842.9986733093532	2
843.5848519633616	2
844.1707550155655	2
844.7563826397953	2
845.3417348296973	2
845.9268117178605	2
846.5116134285194	2
847.0961400144205	2
847.6803915482632	2
848.2643681530333	2
848.8480698941704	2
849.431496884176	2
850.0146491599797	2
850.5975268566425	2
851.1801300195191	2
851.7624587563331	2
852.3445132228696	2
852.9262934119567	2
853.5077994672271	2
854.0890314519733	2
854.6699894521879	2
855.2506735398566	2
855.831083813042	2
856.411220444186	2
856.99108336779	2
857.5706727771278	2
858.149988688343	2
858.729031288216	2
859.307800584455	2
859.8862966471379	2
860.4645196359244	2
861.0424695941617	2
861.620146601226	2
862.1975507673945	2
862.7746821429404	2
863.3515408524897	2
863.9281270338389	2
864.5044406215588	2
865.0804818234424	2
865.6562506561095	2
866.2317472777402	2
866.8069717002437	2
867.3819240555953	2
867.9566044556218	2
868.5310128787947	2
869.1051495270733	2
869.679014448443	2
870.2526077049862	2
870.8259293858872	2
871.3989795739456	2
871.971758390728	2
872.5442658650937	2
873.1165021554341	2
873.6884673013778	2
874.2601613698168	2
874.8315844816269	2
875.4027367257224	2
875.9736181564682	2
876.5442288751249	2
877.1145689473316	2
877.6846384980502	2
878.2544375499828	2
878.8239662667661	2
879.3932246724385	2
879.9622128571705	2
880.5309309641242	2
881.0993789738861	2
881.6675570463011	2
882.235465229994	2
882.8031036332688	2
883.3704723511205	2
883.9375714107175	2
884.504400972886	2
885.0709610600444	2
885.6372517791128	2
886.2032732616617	2
886.7690255125823	2
887.3345086495601	2
887.8997227749111	2
888.4646678873813	2
889.0293441455087	2
889.5937516350581	2
890.1578904415024	2
890.7217605834697	2
891.2853622169118	2
891.8486953781116	2
892.4117601714487	2
892.974556670295	2
893.537084978715	2
894.0993451617393	2
894.6613373432286	2
895.2230615316998	2
895.7845178574375	2
896.3457063722756	2
896.9066272359335	2
897.4672803990975	2
898.0276660677442	2
898.587784251653	2
899.1476350501063	2
899.7072185645004	2
900.2665348619029	2
900.8255840240448	2
901.3843661054742	2
901.9428812354562	2
902.5011294773018	2
903.0591109255862	2
903.616825636869	2
904.1742737139515	2
904.7314552034369	2
905.2883702343651	2
905.8450188669124	2
906.4014011849207	2
906.9575172365193	2
907.5133671473009	2
908.0689510086089	2
908.624268835128	2
909.1793207728409	2
909.7341068479462	2
910.288627189332	2
910.8428818622326	2
911.396870942875	2
911.9505945170882	2
912.5040526527283	2
913.0572454670022	2
913.6101730172229	2
914.1628353589772	2
914.7152325560365	2
915.2673648035634	2
915.8192320498947	2
916.3708344495136	2
916.9221720722346	2
917.4732449273384	2
918.0240531986391	2
918.5745969364986	2
919.1248761800967	2
919.6748910779913	2
920.2246416452471	2
920.7741279473279	2
921.3233501763169	2
921.8723082595371	2
922.4210024071158	2
922.9694326179597	2
923.5175990208942	2
924.0655016584939	2
924.6131406214911	2
925.1605160267338	2
925.7076278592227	2
926.254476308952	2
926.8010614279482	2
927.3473832194026	2
927.893441819916	2
928.4392372787523	2
928.9847697239547	2
929.5300391864333	2
930.0750458012217	2
930.6197895881661	2
931.1642706670549	2
931.7084890931116	2
932.2524449495816	2
932.7961383164057	2
933.3395692472592	2
933.882737883375	2
934.4256442343892	2
934.9682884175568	2
935.5106705273297	2
936.0527906019275	2
936.5946487285105	2
937.1362449925041	2
937.6775794510969	2
938.218652210431	2
938.7594633248832	2
939.300012894342	2
939.8403010060864	2
940.3803276594381	2
940.9200930187023	2
941.4595971414587	2
941.9988400976104	2
942.5378219414689	2
943.076542791196	2
943.6150027046255	2
944.1532017658155	2
944.6911400294354	2
945.2288175572914	2
945.7662345313801	2
946.3033909196034	2
946.8402868557874	2
947.3769223798131	2
947.9132975868606	2
948.4494125287127	2
948.9852673317682	2
949.5208620157553	2
950.0561966886775	2
950.5912714260724	2
951.126086289432	2
951.6606413632591	2
952.1949367582718	2
952.7289725111092	2
953.26274869749	2
953.7962653902855	2
954.3295226991022	2
954.8625206597778	2
955.3952593732397	2
955.9277388915951	2
956.459959357245	2
956.991920760339	2
957.5236231928325	2
958.0550667915352	2
958.5862515526251	2
959.1171775876104	2
959.6478449984413	2
960.1782538047021	2
960.7084041291915	2
961.2382960281778	2
961.7679295703082	2
962.2973048423141	2
962.8264218917626	2
963.355280837579	2
963.8838817423514	2
964.4122246429934	2
964.940309702504	2
965.4681368899646	2
965.9957063379871	2
966.5230180721414	2
967.0500722482539	2
967.5768689001377	2
968.1034080857238	2
968.629689927808	2
969.1557144313589	2
969.6814817058954	2
970.2069918515822	2
970.7322449111687	2
971.2572409190767	2
971.7819800647673	2
972.3064623146983	2
972.8306877976098	2
973.3546565741234	2
973.8783686850826	2
974.401824264632	2
974.9250233269544	2
975.447965978026	2
975.9706523094591	2
976.4930823728965	2
977.0152562378447	2
977.5371739601123	2
978.0588356231881	2
978.5802413540414	2
979.101391150974	2
979.6222851463774	2
980.1429233477968	2
980.6633058733346	2
981.183432821688	2
981.7033042252447	2
982.2229201484437	2
982.7422806996511	2
983.2613859344374	2
983.7802358821549	2
984.2988307412629	2
984.8171704366	2
985.3352551165707	2
985.8530848245451	2
986.3706596544761	2
986.8879796695329	2
987.40504496612	2
987.9218555938504	2
988.438411642268	2
988.9547131463585	2
989.4707602042663	2
989.9865529185803	2
990.5020912927545	2
991.017375458526	2
991.5324054539667	2
992.0471813515467	2
992.5617032665522	2
993.0759712232057	2
993.5899852842301	2
994.1037455519912	2
994.6172520665802	2
995.1305049551281	2
995.643504257399	2
996.1562500201981	2
996.6687423468037	2
997.1809813051416	2
997.6929669651661	2
998.2046993710054	2
998.7161786368075	2
999.2274048412638	2
999.7383780188305	2
1000.2490982296738	2
1000.7595655805609	2
1001.2697801416737	2
1001.7797419363782	2
1002.289451091947	2
1002.7989076562928	2
1003.3081116850447	2
1003.8170632774152	2
1004.325762469305	2
1004.8342093638734	2
1005.3424040377971	2
1005.8503465122649	2
1006.3580368619877	2
1006.8654752425527	2
1007.3726616127149	2
1007.8795961094397	2
1008.3862788369192	2
1008.8927097594684	2
1009.3988890498619	2
1009.9048167234597	2
1010.4104928567598	2
1010.9159175367935	2
1011.4210908034107	2
1011.9260127460731	2
1012.4306834131381	2
1012.9351029153036	2
1013.4392712600711	2
1013.943188569431	2
1014.4468549315704	2
1014.9502703795627	2
1015.4534349674573	2
1015.956348819277	2
1016.4590119134434	2
1016.9614243959085	2
1017.4635863139786	2
1017.9654977566602	2
1018.4671587477984	2
1018.9685693936066	2
1019.4697297504147	2
1019.9706398821829	2
1020.4712998496493	2
1020.971709750001	2
1021.4718696003926	2
1021.9717795603984	2
1022.4714396129289	2
1022.9708499065416	2
1023.4700104260315	2
1023.9689213017199	2
1024.467582538546	2
1024.965994266301	2
1025.4641565187387	2
1025.96206937993	2
1026.459732872954	2
1026.9571471801241	2
1027.4543122807777	2
1027.951228257	2
1028.447895154531	2
1028.944313045467	2
1029.4404820586378	2
1029.9364021879087	2
1030.432073561801	2
1030.9274962286468	2
1031.4226702331048	2
1031.9175956440215	2
1032.412272569067	2
1032.9067010321937	2
1033.4008811059869	2
1033.8948128658983	2
1034.3884964153788	2
1034.8819317747432	2
1035.375119015134	2
1035.8680582232596	2
1036.3607494302657	2
1036.8531927757958	2
1037.345388277143	2
1037.8373359981472	2
1038.3290360273595	2
1038.8204884012994	2
1039.3116931964535	2
1039.8026504878005	2
1040.2933603721306	2
1040.7838228667438	2
1041.2740380577573	2
1041.7640059754285	2
1042.253726757964	2
1042.7432004431894	2
1043.2324270957754	2
1043.721406776993	2
1044.2101395356035	2
1044.698625486277	2
1045.1868646175744	2
1045.674857062758	2
1046.1626028769901	2
1046.6501021121592	2
1047.1373548040297	2
1047.62436108597	2
1048.1111210158647	2
1048.59763461493	2
1049.0839020009582	2
1049.5699231735643	2
1050.0556982288747	2
1050.541227279961	2
1051.0265103093498	2
1051.5115474581	2
1051.996338715729	2
1052.4808842045945	2
1052.9651839879923	2
1053.4492381232112	2
1053.9330466405015	2
1054.4166096716715	2
1054.8999272087706	2
1055.3829993647792	2
1055.865826224764	2
1056.348407823153	2
1056.8307441993693	2
1057.3128354569042	2
1057.7946816488572	2
1058.276282841727	2
1058.7576390627428	2
1059.2387504630426	2
1059.7196170522557	2
1060.2002389081392	2
1060.6806160576587	2
1061.1607486218913	2
1061.6406366423212	2
1062.120280166873	2
1062.599679245156	2
1063.0788340070344	2
1063.5577444693618	2
1064.0364107222092	2
1064.5148327874895	2
1064.9930107735083	2
1065.4709447170558	2
1065.9486347019629	2
1066.4260808048753	2
1066.9032830505087	2
1067.3802415365233	2
1067.8569562696575	2
1068.333427388921	2
1068.809654924859	2
1069.2856389653982	2
1069.7613795408918	2
1070.2368766648165	2
1070.7121305253359	2
1071.1871410843094	2
1071.6619084754436	2
1072.1364327242784	2
1072.6107138874343	2
1073.0847520308553	2
1073.5585472495195	2
1074.0320995537033	2
1074.5054090671194	2
1074.9784757809896	2
1075.4512998275654	2
1075.923881251007	2
1076.3962201224556	2
1076.8683164561407	2
1077.3401703736347	2
1077.8117818994276	2
1078.2831511056634	2
1078.7542780578501	2
1079.2251628123015	2
1079.69580546025	2
1080.1662060637286	2
1080.636364673996	2
1081.106281306713	2
1081.575956072574	2
1082.0453890418298	2
1082.5145802475636	2
1082.9835297724292	2
1083.4522376848784	2
1083.9207040290985	2
1084.388928851026	2
1084.8569122634592	2
1085.3246542937716	2
1085.792154999827	2
1086.2594144555178	2
1086.7264327364824	2
1087.1932098762752	2
1087.6597459686334	2
1088.126041034947	2
1088.5920951803791	2
1089.0579084504773	2
1089.52348088293	2
1089.9888125475816	2
1090.4539035223497	2
1090.9187538802737	2
1091.3833636651495	2
1091.8477329631914	2
1092.3118618218612	2
1092.7757502596062	2
1093.2393983759255	2
1093.7028062263987	2
1094.1659738917583	2
1094.6289014059344	2
1095.0915888660243	2
1095.5540362857405	2
1096.0162437849945	2
1096.478211344989	2
1096.9399390919937	2
1097.4014270606501	2
1097.8626752891453	2
1098.3236839083424	2
1098.7844529414654	2
1099.2449824284438	2
1099.7052724544385	2
1100.165323043725	2
1100.625134313699	2
1101.0847063118845	2
1101.5440390516803	2
1102.0031326446826	2
1102.461987129423	2
1102.92060258175	2
1103.378979029855	2
1103.8371165700564	2
1104.2950152342805	2
1104.7526751076928	2
1105.2100962413224	2
1105.6672786899246	2
1106.1242225251117	2
1106.5809277776566	2
1107.0373945623912	2
1107.4936229048512	2
1107.9496128566984	2
1108.4053644886208	2
1108.8608778595888	2
1109.316153019226	2
1109.771190043941	2
1110.2259889870434	2
1110.6805498921922	2
1111.1348728715188	2
1111.5889579067243	2
1112.042805130099	2
1112.4964145686192	2
1112.949786282759	2
1113.4029203371847	2
1113.8558167868355	2
1114.308475671673	2
1114.7608970865151	2
1115.2130810684655	2
1115.6650277058914	2
1116.116737017784	2
1116.5682090930788	2
1117.0194439757763	2
1117.4704417357368	2
1117.9212024125507	2
1118.3717260936103	2
1118.822012810843	2
1119.2720626482073	2
1119.721875637691	2
1120.1714518584856	2
1120.6207913638546	2
1121.0698942077568	2
1121.5187604522932	2
1121.9673901561762	2
1122.4157833896636	2
1122.8639402080228	2
1123.3118606445908	2
1123.7595447617591	2
1124.2069926501752	2
1124.6542043439204	2
1125.1011799090784	2
1125.547919410286	2
1125.9944228519266	2
1126.4406903849977	2
1126.8867220216077	2
1127.3325177761376	2
1127.7780777690161	2
1128.223402060902	2
1128.6684906731768	2
1129.1133436769283	2
1129.5579611067415	2
1130.0023430751833	2
1130.4464895904073	2
1130.8904007479323	2
1131.33407659081	2
1131.7775171631606	2
1132.2207225329198	2
1132.663692766449	2
1133.1064278936335	2
1133.5489280146294	2
1133.9911931660718	2
1134.4332233786108	2
1134.8750187437208	2
1135.3165793052613	2
1135.7579051476805	2
1136.1989962936457	2
1136.6398528069938	2
1137.080474750185	2
1137.520862200191	2
1137.9610151830518	2
1138.4009337424893	2
1138.8406179948374	2
1139.2800679319196	2
1139.7192836769768	2
1140.15826522574	2
1140.5970126644702	2
1141.0355260469294	2
1141.4738054231327	2
1141.911850862832	2
1142.3496624231211	2
1142.787240136649	2
1143.224584097219	2
1143.661694348343	2
1144.0985709319766	2
1144.5352139087713	2
1144.9716233381107	2
1145.4077992608516	2
1145.8437417668008	2
1146.2794508855832	2
1146.714926683128	2
1147.1501692256168	2
1147.5851785345615	2
1148.0199547121822	2
1148.4544978169604	2
1148.8888078535708	2
1149.3228849137813	2
1149.7567290250063	2
1150.1903403018016	2
1150.6237187521053	2
1151.0568644229477	2
1151.4897774127699	2
1151.9224577247855	2
1152.3549054487992	2
1152.7871206453842	2
1153.2191033649558	2
1153.6508536667034	2
1154.0823715777024	2
1154.5136572085923	2
1154.9447105573545	2
1155.3755317169014	2
1155.8061207191138	2
1156.2364776438556	2
1156.6666025113755	2
1157.0964954046703	2
1157.5261563782658	2
1157.955585442212	2
1158.3847827408792	2
1158.8137482769396	2
1159.2424821091333	2
1159.6709842695682	2
1160.0992548411477	2
1160.5272938763833	2
1160.9551014236918	2
1161.3826775474545	2
1161.810022290856	2
1162.237135708679	2
1162.664017877925	2
1163.0906688301422	2
1163.517088619595	2
1163.943277325411	2
1164.3692349737842	2
1164.7949616205292	2
1165.2204573461058	2
1165.6457221987225	2
1166.0707562021157	2
1166.4955594344049	2
1166.9201319430028	2
1167.3444737978587	2
1167.7685850316616	2
1168.192465740656	2
1168.6161159153212	2
1169.0395356817353	2
1169.4627250292694	2
1169.885684031749	2
1170.3084127689397	2
1170.7309112597873	2
1171.15317958492	2
1171.5752178023108	2
1171.997025921071	2
1172.4186040338507	2
1172.8399522129193	2
1173.2610704657284	2
1173.6819588517299	2
1174.1026174543022	2
1174.5230463051344	2
1174.9432454685655	2
1175.3632149894468	2
1175.7829549264054	2
1176.2024653326623	2
1176.6217462750562	2
1177.0407977858622	2
1177.459619918675	2
1177.878212739304	2
1178.296576320702	2
1178.7147106772356	2
1179.1326158801487	2
1179.5502919781504	2
1179.9677390215134	2
1180.384957062715	2
1180.8019461817444	2
1181.218706393614	2
1181.6352377895141	2
1182.0515403676116	2
1182.467614240399	2
1182.883459414342	2
1183.2990759929182	2
1183.7144639820567	2
1184.129623456612	2
1184.544554458058	2
1184.9592570552466	2
1185.3737312874118	2
1185.787977211834	2
1186.2019948789678	2
1186.6157843341637	2
1187.0293456637928	2
1187.4426788758462	2
1187.8557840424692	2
1188.26866121753	2
1188.6813104788891	2
1189.093731834289	2
1189.5059253497084	2
1189.9178910847454	2
1190.329629098741	2
1190.741139412529	2
1191.152422123763	2
1191.5634772555616	2
1191.974304868782	2
1192.3849050209772	2
1192.7952777555768	2
1193.205423115909	2
1193.6153411705463	2
1194.0250319535514	2
1194.4344955546424	2
1194.8437319712116	2
1195.2527413051575	2
1195.6615235623021	2
1196.0700788248448	2
1196.4784071367806	2
1196.8865085491943	2
1197.2943831294508	2
1197.7020309267525	2
1198.1094519469054	2
1198.5166462834206	2
1198.9236139842067	2
1199.3303550879693	2
1199.7368696738736	2
1200.1431577765031	2
1200.5492194324077	2
1200.955054708035	2
1201.3606636616707	2
1201.7660463170535	2
1202.1712027576864	2
1202.5761330182934	2
1202.9808371376016	2
1203.3853151889684	2
1203.789567233647	2
1204.193593309655	2
1204.5973934391084	2
1205.0009677080243	2
1205.404316150627	2
1205.8074388363689	2
1206.210335792752	2
1206.6130070916906	2
1207.015452779449	2
1207.4176729016506	2
1207.8196675035697	2
1208.2214366377086	2
1208.6229803523202	2
1209.0242987226404	2
1209.4253917694857	2
1209.8262595673166	2
1210.2269021330574	2
1210.627319546259	2
1211.0275118788104	2
1211.4274791228265	2
1211.827221355189	2
1212.2267386553444	2
1212.6260310380653	2
1213.0250985213675	2
1213.4239412555569	2
1213.8225591939877	2
1214.2209524380291	2
1214.6191210184493	2
1215.0170650052692	2
1215.4147844360336	2
1215.8122793519312	2
1216.2095498015103	2
1216.6065958620206	2
1217.0034175495507	2
1217.4000149490046	2
1217.7963880775646	2
1218.1925370064127	2
1218.5884617808051	2
1218.984162447329	2
1219.3796390441187	2
1219.774891651217	2
1220.1699202904642	2
1220.5647250145637	2
1220.9593059113226	2
1221.3536629733705	2
1221.7477962761025	2
1222.141705860224	2
1222.5353917801465	2
1222.9288541112946	2
1223.3220928625317	2
1223.71510809728	2
1224.1078998971325	2
1224.5004682453052	2
1224.8928132569893	2
1225.2849349343865	2
1225.676833356125	2
1226.0685085483337	2
1226.4599605874625	2
1226.851189491076	2
1227.2421953343091	2
1227.6329781582065	2
1228.0235379925782	2
1228.4138749062242	2
1228.8039889561128	2
1229.193880171498	2
1229.583548620036	2
1229.9729943541226	2
1230.362217391356	2
1230.7512177999963	2
1231.1399956243756	2
1231.528550941407	2
1231.9168837562295	2
1232.3049941313081	2
1232.6928821313459	2
1233.080547779935	2
1233.4679911422938	2
1233.8552122593755	2
1234.242211218308	2
1234.6289880004401	2
1235.0155426877957	2
1235.4018753236298	2
1235.7879859800353	2
1236.1738746547692	2
1236.5595414404415	2
1236.9449863746797	2
1237.330209503013	2
1237.7152108765142	2
1238.099990544451	2
1238.4845485313074	2
1238.8688849014345	2
1239.252999719021	2
1239.6368930098424	2
1240.0205648392323	2
1240.404015235971	2
1240.7872442565786	2
1241.170251950245	2
1241.5530383750975	2
1241.9356035520182	2
1242.3179475651161	2
1242.7000704319985	2
1243.08197221226	2
1243.4636529497302	2
1243.8451127172398	2
1244.2263515184238	2
1244.6073694349918	2
1244.9881664951392	2
1245.368742760729	2
1245.749098274108	2
1246.1292330563115	2
1246.5091471957019	2
1246.8888407106435	2
1247.268313677566	2
1247.6475661351255	2
1248.0265980998367	2
1248.4054096474313	2
1248.7840008227224	2
1249.1623716636934	2
1249.5405222257114	2
1249.9184525559788	2
1250.2961627042564	2
1250.6736527067924	2
1251.0509226005433	2
1251.4279724753885	2
1251.804802327545	2
1252.1814122490046	2
1252.5578022404516	2
1252.9339723643488	2
1253.3099227101227	2
1253.6856532594097	2
1254.0611641185028	2
1254.4364552960944	2
1254.8115268209158	2
1255.1863787918246	2
1255.5610112030056	2
1255.93542416188	2
1256.3096176672175	2
1256.6835917928502	2
1257.0573465490495	2
1257.430882028778	2
1257.8041982377058	2
1258.1772952615686	2
1258.5501731068784	2
1258.9228318439127	2
1259.2952715119307	2
1259.6674921707927	2
1260.039493849664	2
1260.4112766057367	2
1260.7828404648594	2
1261.1541854967213	2
1261.5253117315765	2
1261.896219235664	2
1262.2669080230448	2
1262.6373781872683	2
1263.0076297176827	2
1263.3776627080094	2
1263.7474771750612	2
1264.1170731756072	2
1264.4864507372006	2
1264.8556099322684	2
1265.2245507998468	2
1265.5932733801196	2
1265.961777723034	2
1266.3300638576547	2
1266.698131873221	2
1267.065981756896	2
1267.4336136111726	2
1267.8010274457276	2
1268.1682233026465	2
1268.5352012656488	2
1268.901961349077	2
1269.2685035950476	2
1269.634828062929	2
1270.0009347876564	2
1270.3668238195623	2
1270.7324952200456	2
1271.0979490173381	2
1271.4631852371033	2
1271.8282039518624	2
1272.1930051942436	2
1272.5575890355126	2
1272.921955497031	2
1273.2861046299925	2
1273.6500364756046	2
1274.0137510867733	2
1274.377248493244	2
1274.740528758289	2
1275.1035919108442	2
1275.4664380052218	2
1275.8290670850683	2
1276.191479203928	2
1276.5536743867815	2
1276.91565269016	2
1277.2774141591317	2
1277.6389588394354	2
1278.0002867644491	2
1278.3613980064904	2
1278.7222925718631	2
1279.082970530377	2
1279.4434319292916	2
1279.8036767990864	2
1280.1637051757577	2
1280.5235171335046	2
1280.8831127056076	2
1281.24249194992	2
1281.601654881161	2
1281.9606015483535	2
1282.3193320225425	2
1282.6778463040653	2
1283.036144496005	2
1283.394226589332	2
1283.7520926461682	2
1284.1097427199472	2
1284.4671768437245	2
1284.8243950796916	2
1285.181397436199	2
1285.5381839961422	2
1285.8947547708958	2
1286.2511098382065	2
1286.607249217642	2
1286.9631729683144	2
1287.318881127727	2
1287.6743737100687	2
1288.0296508237343	2
1288.3847124644435	2
1288.7395586808384	2
1289.0941895268197	2
1289.4486050614241	2
1289.8028052925033	2
1290.156790288413	2
1290.5105600953464	2
1290.8641147306116	2
1291.2174542592625	2
1291.5705787343504	2
1291.9234881701202	2
1292.2761826349488	2
1292.6286621684856	2
1292.980926798998	2
1293.3329765895016	2
1293.6848115688365	2
1294.036431799207	2
1294.3878372886286	2
1294.739028117266	2
1295.0900043201323	2
1295.4407659187132	2
1295.7913129773046	2
1296.1416455271471	2
1296.4917636327707	2
1296.8416673133968	2
1297.191356626418	2
1297.5408316018097	2
1297.890092293583	2
1298.2391387465682	2
1298.5879710105626	2
1298.9365891076689	2
1299.2849931094663	2
1299.6331830351537	2
1299.9811589224832	2
1300.328920826856	2
1300.6764687983969	2
1301.023802878963	2
1301.3709230916131	2
1301.7178294871535	2
1302.0645221241741	2
1302.4110010242302	2
1302.7572662445673	2
1303.1033178108282	2
1303.449155792917	2
1303.7947802044032	2
1304.1401911289568	2
1304.4853885512448	2
1304.8303725510239	2
1305.17514317251	2
1305.5197004412573	2
1305.8640444119205	2
1306.2081751213116	2
1306.5520926407426	2
1306.8957969626274	2
1307.239288166153	2
1307.5825662789946	2
1307.9256313474953	2
1308.2684834180764	2
1308.6111225174334	2
1308.9535486920975	2
1309.2957620075392	2
1309.6377624508052	2
1309.9795501258952	2
1310.3211250594309	2
1310.662487265981	2
1311.0036368174358	2
1311.344573750521	2
1311.6852980866843	2
1312.0258098925422	2
1312.3661091879137	2
1312.7061960370677	2
1313.0460704613552	2
1313.385732522565	2
1313.7251822468304	2
1314.0644196942326	2
1314.4034448716773	2
1314.7422578577093	2
1315.0808586760209	2
1315.4192473849391	2
1315.7574240101337	2
1316.0953886027398	2
1316.4331411827518	2
1316.770681831982	2
1317.1080105496155	2
1317.445127400889	2
1317.7820324253998	2
1318.1187256497954	2
1318.4552071455928	2
1318.7914769218808	2
1319.1275350463732	2
1319.4633815354096	2
1319.7990164349958	2
1320.1344398017236	2
1320.4696516803663	2
1320.8046521008714	2
1321.1394411013348	2
1321.4740187304612	2
1321.808385037204	2
1322.142540051659	2
1322.4764838031047	2
1322.8102163582025	2
1323.143737729781	2
1323.4770479720867	2
1323.8101471471543	2
1324.1430352640168	2
1324.4757123766535	2
1324.8081785246227	2
1325.1404337665056	2
1325.4724780993693	2
1325.804311610808	2
1326.1359343210152	2
1326.4673462726778	2
1326.798547506389	2
1327.1295380621527	2
1327.4603179796925	2
1327.7908873043432	2
1328.1212460765553	2
1328.451394342927	2
1328.781332135387	2
1329.11105948577	2
1329.4405764516173	2
1329.7698830701079	2
1330.0989793729957	2
1330.4278654241627	2
1330.7565412267293	2
1331.0850068588638	2
1331.4132623244298	2
1331.741307691461	2
1332.0691429886215	2
1332.3967682637272	2
1332.724183540963	2
1333.0513888798985	2
1333.378384317659	2
1333.705169891707	2
1334.0317456413215	2
1334.3581115858074	2
1334.6842678089815	2
1335.0102143304723	2
1335.3359511783658	2
1335.6614784033688	2
1335.9867960542867	2
1336.3119041550538	2
1336.636802740676	2
1336.9614918915217	2
1337.2859715977263	2
1337.610241929523	2
1337.9343029154545	2
1338.2581545900211	2
1338.5817970195706	2
1338.9052302099244	2
1339.2284542399873	2
1339.55146911588	2
1339.8742748885466	2
1340.196871592956	2
1340.5192592739156	2
1340.8414379691856	2
1341.1634077262802	2
1341.4851685880242	2
1341.8067205960758	2
1342.1280637614698	2
1342.449198148457	2
1342.7701237801477	2
1343.0908407087247	2
1343.4113489733052	2
1343.731648610665	2
1344.0517396605208	2
1344.3716221659838	2
1344.6912961603136	2
1345.0107616853063	2
1345.330018790352	2
1345.649067493666	2
1345.9679078493741	2
1346.2865399058958	2
1346.604963676145	2
1346.9231792245866	2
1347.2411865808504	2
1347.558985775766	2
1347.8765768622657	2
1348.1939598699805	2
1348.5111348389212	2
1348.8281018104065	2
1349.1448608361966	2
1349.4614119436403	2
1349.7777551649042	2
1350.0938905563041	2
1350.4098181378731	2
1350.7255379774942	2
1351.041050081248	2
1351.356354492084	2
1351.6714512669391	2
1351.986340440632	2
1352.3010220432948	2
1352.6154961148015	2
1352.9297626958728	2
1353.2438218368404	2
1353.5576735587622	2
1353.8713179021233	2
1354.1847549182612	2
1354.4979846504941	2
1354.8110071144097	2
1355.1238223610617	2
1355.4364304448047	2
1355.7488313722802	2
1356.0610252060605	2
1356.37301196221	2
1356.684791717513	2
1356.996364462225	2
1357.3077302828945	2
1357.618889186175	2
1357.9298412193764	2
1358.2405864086109	2
1358.5511248291268	2
1358.8614564808292	2
1359.1715814252686	2
1359.4814996869611	2
1359.791211313208	2
1360.1007163326215	2
1360.4100147979634	2
1360.719106736635	2
1361.0279921897206	2
1361.3366711943372	2
1361.6451437818018	2
1361.9534100159094	2
1362.261469906949	2
1362.5693234974012	2
1362.8769708403356	2
1363.184411952799	2
1363.4916468929405	2
1363.7986757011086	2
1364.1054983984468	2
1364.4121150261076	2
1364.7185256367084	2
1365.0247302551597	2
1365.3307289063507	2
1365.6365216652307	2
1365.9421085281876	2
1366.247489569372	2
1366.5526648045354	2
1366.85763427371	2
1367.1623980195761	2
1367.4669560702664	2
1367.7713084837305	2
1368.075455286755	2
1368.3793965104862	2
1368.6831322059677	2
1368.986662402974	2
1369.2899871380623	2
1369.5931064535241	2
1369.896020370256	2
1370.198728951175	2
1370.5012322201867	2
1370.8035302116118	2
1371.1056229721191	2
1371.4075105400764	2
1371.7091929418436	2
1372.0106702311189	2
1372.3119424373517	2
1372.6130095907108	2
1372.9138717290548	2
1373.214528904817	2
1373.514981144797	2
1373.8152284885487	2
1374.1152709749003	2
1374.4151086284005	2
1374.7147415050017	2
1375.0141696314033	2
1375.3133930442418	2
1375.6124117898178	2
1375.9112258879982	2
1376.2098353997687	2
1376.5082403355298	2
1376.8064407535207	2
1377.1044366951114	2
1377.402228178652	2
1377.6998152462793	2
1377.9971979447084	2
1378.294376299998	2
1378.5913503511013	2
1378.8881201424333	2
1379.1846857049798	2
1379.4810470777309	2
1379.7772042923166	2
1380.0731573833611	2
1380.3689064038267	2
1380.6644513673405	2
1380.9597923259016	2
1381.254929322629	2
1381.5498623877763	2
1381.8445915550983	2
1382.1391168598402	2
1382.4334383401579	2
1382.7275560315973	2
1383.0214699776056	2
1383.315180217289	2
1383.6086867678907	2
1383.901989696991	2
1384.1950890091032	2
1384.4879847583707	2
1384.7806769824706	2
1385.073165714499	2
1385.3654509807257	2
1385.6575328331326	2
1385.9494113043108	2
1386.2410864179985	2
1386.532558226	2
1386.8238267619995	2
1387.1148920681728	2
1387.4057541667642	2
1387.6964131026214	2
1387.9868689088203	2
1388.2771216275642	2
1388.567171275207	2
1388.8570179269861	2
1389.1466615754287	2
1389.436102279574	2
1389.725340076285	2
1390.0143750082614	2
1390.3032070868405	2
1390.5918363742194	2
1390.8802628947	2
1391.1684866801256	2
1391.4565077823468	2
1391.7443262201057	2
1392.0319420418684	2
1392.3193552703876	2
1392.6065659524106	2
1392.8935741250916	2
1393.1803798159897	2
1393.4669830704293	2
1393.753383921511	2
1394.0395824045602	2
1394.3255785470772	2
1394.6113723932474	2
1394.8969639815714	2
1395.1823533285383	2
1395.4675405099586	2
1395.752525534091	2
1396.037308429999	2
1396.3218892506268	2
1396.6062680201326	2
1396.8904447801528	2
1397.1744195688418	2
1397.4581924150953	2
1397.7417633709067	2
1398.025132439568	2
1398.3082996771493	2
1398.591265129373	2
1398.874028816151	2
1399.1565907675395	2
1399.43895104456	2
1399.7211096592291	2
1400.003066665964	2
1400.2848220742667	2
1400.5663759449735	2
1400.8477282996485	2
1401.1288791807763	2
1401.4098286098647	2
1401.6905766481634	2
1401.9711233089795	2
1402.2514686412233	2
1402.531612662576	2
1402.8115554215635	2
1403.091296953188	2
1403.3708372921526	2
1403.6501764710213	2
1403.9293145358056	2
1404.2082514984431	2
1404.4869874251633	2
1404.7655223246918	2
1405.0438562421184	2
1405.321989212763	2
1405.5999212738525	2
1405.8776524568236	2
1406.1551827982842	2
1406.432512327576	2
1406.7096410918537	2
1406.9865691179034	2
1407.263296441869	2
1407.539823096894	2
1407.8161491231192	2
1408.0922745542973	2
1408.3681994177557	2
1408.6439237621842	2
1408.9194476098207	2
1409.1947710082445	2
1409.4698939864722	2
1409.7448165733015	2
1410.0195388127593	2
1410.2940607304433	2
1410.5683823711777	2
1410.842503754608	2
1411.1164249307903	2
1411.3901459279543	2
1411.6636667836644	2
1411.9369875336183	2
1412.2101082117372	2
1412.4830288430326	2
1412.7557494728965	2
1413.0282701311764	2
1413.3005908606015	2
1413.5727116814355	2
1413.844632640211	2
1414.1163537762152	2
1414.387875108285	2
1414.6591966819756	2
1414.9303185259828	2
1415.201240677246	2
1415.4719631707217	2
1415.7424860398899	2
1416.0128093226608	2
1416.2829330471757	2
1416.552857255601	2
1416.822581975646	2
1417.0921072472493	2
1417.361433095864	2
1417.630559570578	2
1417.8994866888254	2
1418.168214500846	2
1418.4367430238606	2
1418.705072306466	2
1418.9732023752824	2
1419.241133268347	2
1419.508865016444	2
1419.7763976575882	2
1420.0437312218653	2
1420.3108657490593	2
1420.577801269218	2
1420.8445378145486	2
1421.111075427178	2
1421.3774141371289	2
1421.643553978113	2
1421.9094949801006	2
1422.17523718512	2
1422.4407806185661	2
1422.7061253205895	2
1422.9712713199797	2
1423.2362186602527	2
1423.5009673621778	2
1423.7655174742688	2
1424.0298690146396	2
1424.2940220356966	2
1424.5579765572002	2
1424.8217326143815	2
1425.085290247312	2
1425.3486494894446	2
1425.6118103692331	2
1425.8747729207894	2
1426.1375371851373	2
1426.4001031866444	2
1426.6624709723533	2
1426.9246405613776	2
1427.1866119875267	2
1427.448385298857	2
1427.7099605208105	2
1427.9713376783254	2
1428.2325168194238	2
1428.4934979699417	2
1428.7542811722908	2
1429.014866445241	2
1429.2752538227894	2
1429.5354433541668	2
1429.795435067786	2
1430.0552289944178	2
1430.3148251621046	2
1430.5742236171632	2
1430.833424388179	2
1431.0924274987822	2
1431.3512329973744	2
1431.6098409063818	2
1431.8682512602236	2
1432.1264640965815	2
1432.3844794499341	2
1432.642297348037	2
1432.8999178288664	2
1433.157340923122	2
1433.4145666693983	2
1433.6715950914536	2
1433.9284262332167	2
1434.1850601213603	2
1434.4414967863727	2
1434.6977362648938	2
1434.9537786011995	2
1435.2096238123006	2
1435.465271939198	2
1435.7207230151676	2
1435.9759770654164	2
1436.231034136731	2
1436.485894248865	2
1436.740557445412	2
1436.9950237491657	2
1437.249293205173	2
1437.5033658420261	2
1437.7572416903956	2
1438.0109207868888	2
1438.264403158765	2
1438.5176888461306	2
1438.7707778716208	2
1439.0236702810985	2
1439.2763660983123	2
1439.528865354525	2
1439.7811680965676	2
1440.0332743408244	2
1440.2851841357033	2
1440.536897498716	2
1440.788414474841	2
1441.0397350922422	2
1441.2908593843765	2
1441.5417873812453	2
1441.7925191205575	2
1442.043054633235	2
1442.2933939515278	2
1442.543537103447	2
1442.7934841298913	2
1443.0432350582764	2
1443.2927899226697	2
1443.5421487644119	2
1443.7913116000534	2
1444.0402784734936	2
1444.2890494155286	2
1444.5376244557688	2
1444.7860036312343	2
1445.0341869711037	2
1445.2821745050878	2
1445.529966277842	2
1445.77756231081	2
1446.024962640912	2
1446.2721673031128	2
1446.519176318171	2
1446.7659897327312	2
1447.0126075748349	2
1447.259029870901	2
1447.5052566609675	2
1447.75128797076	2
1447.997123839578	2
1448.2427642979223	2
1448.4882093743956	2
1448.7334591067938	2
1448.9785135272928	2
1449.2233726657187	2
1449.468036551596	2
1449.7125052242163	2
1449.956778710326	2
1450.2008570443697	2
1450.4447402575693	2
1450.6884283844572	2
1450.9319214589561	2
1451.1752195048123	2
1451.4183225604318	2
1451.6612306578015	2
1451.9039438305322	2
1452.1464621130788	2
1452.3887855311834	2
1452.6309141182812	2
1452.872847914953	2
1453.11458694282	2
1453.3561312333288	2
1453.5974808244375	2
1453.8386357497725	2
1454.0795960386672	2
1454.3203617172423	2
1454.5609328268174	2
1454.8013093956515	2
1455.0414914582482	2
1455.2814790444643	2
1455.5212721877706	2
1455.7608709141657	2
1456.0002752633713	2
1456.2394852640887	2
1456.4785009434584	2
1456.717322340268	2
1456.95594948659	2
1457.194382416639	2
1457.4326211526632	2
1457.6706657348566	2
1457.9085161891758	2
1458.1461725524143	2
1458.3836348558143	2
1458.6209031355636	2
1458.8579774086425	2
1459.0948577225845	2
1459.331544101944	2
1459.5680365747373	2
1459.8043351823083	2
1460.0404399525485	2
1460.276350913081	2
1460.512068096842	2
1460.7475915347422	2
1460.9829212683674	2
1461.2180573182834	2
1461.452999724713	2
1461.687748511078	2
1461.9223037191396	2
1462.156665368213	2
1462.3908335010913	2
1462.6248081403012	2
1462.8585893211164	2
1463.0921770754048	2
1463.325571440602	2
1463.5587724341037	2
1463.7917801002714	2
1464.0245944636351	2
1464.2572155593468	2
1464.4896434236225	2
1464.7218780790135	2
1464.9539195579796	2
1465.1857678998974	2
1465.4174231282889	2
1465.6488852741995	2
1465.8801543732225	2
1466.1112304525439	2
1466.3421135509586	2
1466.572803695157	2
1466.803300917347	2
1467.0336052453506	2
1467.263716715646	2
1467.49363536127	2
1467.7233612030088	2
1467.952894284503	2
1468.1822346255929	2
1468.4113822683953	2
1468.640337240134	2
1468.869099571062	2
1469.0976692895824	2
1469.3260464336558	2
1469.554231031579	2
1469.7822231092935	2
1470.0100227016953	2
1470.2376298418756	2
1470.46504456431	2
1470.6922668944942	2
1470.919296865519	2
1471.1461345060445	2
1471.3727798525158	2
1471.599232931702	2
1471.8254937754261	2
1472.0515624144032	2
1472.2774388852679	2
1472.5031232118072	2
1472.7286154288415	2
1472.9539155655837	2
1473.1790236503386	2
1473.4039397214804	2
1473.6286638083814	2
1473.853195935373	2
1474.077536137603	2
1474.3016844468343	2
1474.5256408952134	2
1474.7494055122759	2
1474.9729783320893	2
1475.1963593787534	2
1475.4195486870867	2
1475.6425462916416	2
1475.8653522135428	2
1476.0879664980878	2
1476.3103891585536	2
1476.5326202405122	2
1476.7546597669866	2
1476.976507773395	2
1477.1981642886424	2
1477.4196293425734	2
1477.6409029633517	2
1477.8619851886374	2
1478.082876041707	2
1478.3035755628955	2
1478.5240837720673	2
1478.7444007067609	2
1478.9645263955747	2
1479.1844608729575	2
1479.4042041683329	2
1479.623756310207	2
1479.8431173302138	2
1480.0622872541712	2
1480.2812661239195	2
1480.5000539592772	2
1480.718650799268	2
1480.9370566661337	2
1481.1552715966106	2
1481.3732956250956	2
1481.5911287696197	2
1481.8087710668942	2
1482.0262225571173	2
1482.2434832555643	2
1482.4605532015125	2
1482.6774324245866	2
1482.8941209516618	2
1483.110618813581	2
1483.3269260443171	2
1483.543042675581	2
1483.7589687340733	2
1483.9747042545137	2
1484.1902492626211	2
1484.4056037926775	2
1484.6207678713324	2
1484.8357415285827	2
1485.0505248008553	2
1485.2651177162327	2
1485.4795203023598	2
1485.6937325942285	2
1485.9077546188444	2
1486.12158640705	2
1486.3352279872026	2
1486.5486793885	2
1486.7619406530494	2
1486.975011796505	2
1487.1878928573476	2
1487.4005838626344	2
1487.613084846827	2
1487.8253958367757	2
1488.0375168603273	2
1488.2494479560053	2
1488.4611891459951	2
1488.6727404629607	2
1488.8841019393922	2
1489.095273601978	2
1489.306255488303	2
1489.5170476203205	2
1489.7276500309395	2
1489.938062747051	2
1490.1482858074855	2
1490.3583192363851	2
1490.568163064808	2
1490.777817322527	2
1490.987282041506	2
1491.1965572493234	2
1491.4056429754717	2
1491.6145392556934	2
1491.8232461157863	2
1492.0317635871972	2
1492.2400916961546	2
1492.4482304796443	2
1492.6561799636938	2
1492.863940177182	2
1493.0715111514867	2
1493.2788929211806	2
1493.4860855061959	2
1493.6930889491346	2
1493.8999032683657	2
1494.106528501788	2
1494.31296467721	2
1494.5192118230834	2
1494.7252699702203	2
1494.9311391466783	2
1495.1368193881003	2
1495.3423107195865	2
1495.5476131757616	2
1495.7527267809633	2
1495.9576515668457	2
1496.1623875666655	2
1496.366934803153	2
1496.571293313554	2
1496.7754631230844	2
1496.9794442614734	2
1497.1832367616264	2
1497.3868406527413	2
1497.590255963254	2
1497.7934827250451	2
1497.9965209678066	2
1498.1993707250215	2
1498.4020320120535	2
1498.6045048755088	2
1498.8067893385862	2
1499.0088854302564	2
1499.2107931766618	2
1499.4125126106544	2
1499.6140437692827	2
1499.8153866743653	2
1500.0165413573848	2
1500.2175078471905	2
1500.418286173976	2
1500.6188763717919	2
1500.81927846383	2
1501.019492481974	2
1501.2195184558389	2
1501.4193564214354	2
1501.619006397134	2
1501.8184684232995	2
1502.0177425205663	2
1502.2168287258223	2
1502.4157270653184	2
1502.614437570514	2
1502.8129602627996	2
1503.011295185309	2
1503.2094423606966	2
1503.4074018151073	2
1503.605173584615	2
1503.8027576965223	2
1504.0001541793479	2
1504.1973630594523	2
1504.3943843752588	2
1504.5912181486924	2
1504.7878644115458	2
1504.984323197479	2
1505.1805945312688	2
1505.3766784383665	2
1505.572574961645	2
1505.7682841148785	2
1505.9638059408117	2
1506.1591404613475	2
1506.3542877081875	2
1506.5492477140087	2
1506.7440205012188	2
1506.938606103637	2
1507.1330045484117	2
1507.327215867555	2
1507.5212400919563	2
1507.7150772440486	2
1507.9087273603748	2
1508.1021904683857	2
1508.2954665978702	2
1508.488555777291	2
1508.6814580344649	2
1508.874173402932	2
1509.066701907097	2
1509.2590435802927	2
1509.451198452193	2
1509.6431665470304	2
1509.834947900744	2
1510.0265425369855	2
1510.2179504895182	2
1510.409171784414	2
1510.6002064520328	2
1510.7910545238267	2
1510.9817160285695	2
1511.172190992427	2
1511.3624794455068	2
1511.5525814190073	2
1511.742496943456	2
1511.9322260450238	2
1512.1217687585292	2
1512.311125103484	2
1512.5002951177628	2
1512.6892788275522	2
1512.8780762622175	2
1513.0666874464905	2
1513.2551124168292	2
1513.443351200981	2
1513.6314038263756	2
1513.8192703220786	2
1514.0069507177818	2
1514.1944450435897	2
1514.3817533246036	2
1514.5688755949755	2
1514.7558118845652	2
1514.9425622195542	2
1515.1291266273354	2
1515.3155051399597	2
1515.501697790557	2
1515.6877046005113	2
1515.873525599542	2
1516.0591608226155	2
1516.2446102949875	2
1516.429874046518	2
1516.6149521090254	2
1516.79984450696	2
1516.9845512708298	2
1517.1690724309324	2
1517.353408016749	2
1517.5375580577067	2
1517.7215225783548	2
1517.9053016117114	2
1518.0888951867664	2
1518.2723033355364	2
1518.4555260810087	2
1518.6385634514131	2
1518.821415484622	2
1519.0040821988375	2
1519.1865636343985	2
1519.3688598131703	2
1519.5509707642086	2
1519.7328965171257	2
1519.9146371051731	2
1520.096192548196	2
1520.2775628851318	2
1520.4587481383735	2
1520.6397483415044	2
1520.8205635192778	2
1521.001193702221	2
1521.181638920598	2
1521.3618992022991	2
1521.5419745755912	2
1521.7218650708571	2
1521.9015707175013	2
1522.0810915426246	2
1522.2604275784684	2
1522.4395788466766	2
1522.6185453849941	2
1522.797327216548	2
1522.975924372741	2
1523.154336880796	2
1523.3325647700253	2
1523.5106080709609	2
1523.688466808601	2
1523.8661410157927	2
1524.0436307229395	2
1524.2209359546584	2
1524.3980567399144	2
1524.5749931106386	2
1524.751745096336	2
1524.9283127219896	2
1525.1046960215233	2
1525.2808950190986	2
1525.4569097460655	2
1525.6327402284192	2
1525.8083864944822	2
1525.9838485780185	2
1526.1591265028699	2
1526.3342203022132	2
1526.5091300017746	2
1526.6838556333025	2
1526.8583972219071	2
1527.032754800344	2
1527.2069283941692	2
1527.3809180369622	2
1527.5547237491653	2
1527.7283455653883	2
1527.9017835130692	2
1528.0750376243195	2
1528.248107922841	2
1528.4209944397683	2
1528.5936972047045	2
1528.766216242855	2
1528.9385515901467	2
1529.110703269017	2
1529.2826713098189	2
1529.4544557364425	2
1529.6260565845917	2
1529.7974738809853	2
1529.9687076540508	2
1530.1397579340935	2
1530.3106247488436	2
1530.4813081268037	2
1530.651808093529	2
1530.8221246835694	2
1530.992257921605	2
1531.1622078409105	2
1531.3319744627545	2
1531.5015578188084	2
1531.670957942114	2
1531.8401748564984	2
1532.0092085939973	2
1532.178059179975	2
1532.3467266462314	2
1532.5152110181725	2
1532.683512328095	2
1532.8516306025729	2
1533.0195658670411	2
1533.1873181575677	2
1533.3548874976484	2
1533.5222739167318	2
1533.6894774447617	2
1533.8564981088946	2
1534.0233359395186	2
1534.1899909641388	2
1534.3564632116365	2
1534.522752708605	2
1534.6888594895745	2
1534.8547835770512	2
1535.020525001544	2
1535.1860837892575	2
1535.3514599743205	2
1535.516653581716	2
1535.681664638859	2
1535.846493180216	2
1536.0111392279387	2
1536.1756028139732	2
1536.339883965912	2
1536.503982713291	2
1536.6678990845157	2
1536.8316331090714	2
1536.9951848123571	2
1537.1585542239702	2
1537.3217413751208	2
1537.4847462925584	2
1537.6475690032644	2
1537.8102095371441	2
1537.9726679235405	2
1538.1349441909374	2
1538.2970383689978	2
1538.458950486379	2
1538.6206805659658	2
1538.7822286417065	2
1538.9435947390868	2
1539.1047788912106	2
1539.2657811202437	2
1539.42660146101	2
1539.587239941743	2
1539.7476965903209	2
1539.9079714294728	2
1540.068064492178	2
1540.2279758073328	2
1540.3877054033167	2
1540.5472533093425	2
1540.70661955075	2
1540.8658041592544	2
1541.024807163273	2
1541.183628589411	2
1541.3422684690936	2
1541.5007268257227	2
1541.6590036954956	2
1541.817099098806	2
1541.9750130704174	2
1542.1327456360302	2
1542.2902968235337	2
1542.4476666634664	2
1542.6048551813774	2
1542.7618624085362	2
1542.9186883732336	2
1543.0753331018598	2
1543.2317966246399	2
1543.388078970991	2
1543.5441801665106	2
1543.7001002420989	2
1543.8558392269235	2
1544.0113971455826	2
1544.1667740335567	2
1544.321969909208	2
1544.4769848125843	2
1544.6318187646355	2
1544.786471795381	2
1544.9409439319581	2
1545.095235207171	2
1545.2493456426398	2
1545.4032752739197	2
1545.5570241275511	2
1545.7105922292806	2
1545.8639796104987	2
1546.0171863000892	2
1546.1702123235916	2
1546.323057713589	2
1546.4757224907496	2
1546.6282066904062	2
1546.7805103415083	2
1546.9326334683435	2
1547.0845761034304	2
1547.2363382718806	2
1547.3879200045549	2
1547.5393213293844	2
1547.6905422758005	2
1547.8415828659104	2
1547.9924431368638	2
1548.1431231123763	2
1548.2936228215447	2
1548.4439422934142	2
1548.5940815572587	2
1548.744040641224	2
1548.893819572335	2
1549.0434183805917	2
1549.1928370944427	2
1549.342075742664	2
1549.491134351204	2
1549.6400129510625	2
1549.7887115698018	2
1549.9372302347697	2
1550.085568976243	2
1550.2337278207451	2
1550.381706801712	2
1550.5295059402285	2
1550.6771252713684	2
1550.8245648200025	2
1550.97182461535	2
1551.1189046864235	2
1551.265805061971	2
1551.4125257700864	2
1551.5590668388477	2
1551.7054282956553	2
1551.8516101720757	2
1551.9976124936177	2
1552.1434352886374	2
1552.2890785894324	2
1552.4345424190676	2
1552.579826811969	2
1552.724931789471	2
1552.869857386841	2
1553.0146036307804	2
1553.1591705455587	2
1553.3035581650774	2
1553.447766516728	2
1553.5917956240316	2
1553.7356455228323	2
1553.8793162385	2
1554.0228077956867	2
1554.1661202306445	2
1554.3092535648982	2
1554.4522078302657	2
1554.5949830541651	2
1554.737579266467	2
1554.879996493717	2
1555.0222347658496	2
1555.1642941132225	2
1555.306174558394	2
1555.447876135531	2
1555.5893988719974	2
1555.730742794085	2
1555.871907934157	2
1556.0128943154937	2
1556.1537019712662	2
1556.2943309290542	2
1556.434781214225	2
1556.5750528585363	2
1556.7151458902304	2
1556.8550603351175	2
1556.994796225435	2
1557.1343535867381	2
1557.2737324519992	2
1557.4129328428635	2
1557.5519547925642	2
1557.6907983301714	2
1557.8294634802742	2
1557.967950273392	2
1558.1062587417966	2
1558.2443889077817	2
1558.3823408032483	2
1558.520114456803	2
1558.6577098975092	2
1558.7951271516397	2
1558.9323662510678	2
1559.0694272218057	2
1559.2063100912655	2
1559.343014890361	2
1559.4795416468976	2
1559.6158903897935	2
1559.7520611468653	2
1559.8880539481884	2
1560.023868819501	2
1560.1595057929599	2
1560.2949648930226	2
1560.4302461521968	2
1560.5653495971746	2
1560.7002752591782	2
1560.8350231615614	2
1560.9695933367204	2
1561.1039858117988	2
1561.238200614481	2
1561.372237778334	2
1561.5060973277887	2
1561.639779291374	2
1561.7732836987077	2
1561.9066105783284	2
1562.0397599573193	2
1562.172731867139	2
1562.3055263325748	2
1562.4381433872866	2
1562.5705830551476	2
1562.7028453690764	2
1562.834930353704	2
1562.9668380409223	2
1563.0985684568282	2
1563.2301216314872	2
1563.361497592167	2
1563.4926963687174	2
1563.6237179903287	2
1563.7545624846232	2
1563.885229881478	2
1564.0157202076257	2
1564.1460334945186	2
1564.2761697674764	2
1564.4061290584036	2
1564.5359113925585	2
1564.665516802916	2
1564.7949453138808	2
1564.9241969556756	2
1565.0532717594851	2
1565.1821697490589	2
1565.3108909580744	2
1565.4394354117849	2
1565.5678031401999	2
1565.6959941726107	2
1565.8240085369646	2
1565.951846260978	2
1566.0795073756537	2
1566.2069919084036	2
1566.334299889556	2
1566.4614313453694	2
1566.5883863074196	2
1566.715164800488	2
1566.8417668585441	2
1566.9681925062314	2
1567.0944417724593	2
1567.2205146896822	2
1567.3464112824256	2
1567.4721315809163	2
1567.597675616385	2
1567.7230434135176	2
1567.8482350044583	2
1567.9732504155954	2
1568.0980896778547	2
1568.2227528171236	2
1568.3472398642293	2
1568.4715508497552	2
1568.5956857983078	2
1568.719644741716	2
1568.84342770956	2
1568.9670347294157	2
1569.0904658298075	2
1569.2137210394224	2
1569.3368003873127	2
1569.4597039021137	2
1569.5824316142669	2
1569.7049835505757	2
1569.8273597421698	2
1569.9495602157003	2
1570.0715850010854	2
1570.1934341279907	2
1570.3151076244096	2
1570.436605518995	2
1570.55792784071	2
1570.6790746190266	2
1570.8000458838767	2
1570.9208416616075	2
1571.0414619820401	2
1571.1619068763746	2
1571.2821763710826	2
1571.4022704957326	2
1571.52218928051	2
1571.6419327530207	2
1571.7615009418191	2
1571.8808938766754	2
1572.000111586857	2
1572.119154102601	2
1572.238021451132	2
1572.3567136617285	2
1572.4752307618671	2
1572.5935727836038	2
1572.7117397556383	2
1572.8297317038941	2
1572.9475486601261	2
1573.0651906535306	2
1573.1826577114625	2
1573.299949864579	2
1573.4170671403779	2
1573.5340095689814	2
1573.6507771800555	2
1573.7673700019282	2
1573.8837880630356	2
1574.000031394621	2
1574.1161000235707	2
1574.2319939803438	2
1574.3477132925377	2
1574.4632579927143	2
1574.5786281047037	2
1574.6938236632686	2
1574.8088446953361	2
1574.9236912293154	2
1575.0383632930905	2
1575.1528609202321	2
1575.2671841369397	2
1575.3813329713223	2
1575.495307453858	2
1575.6091076154903	2
1575.7227334831255	2
1575.836185088325	2
1575.9494624565825	2
1576.0625656202974	2
1576.1754946087658	2
1576.2882494499859	2
1576.400830173927	2
1576.5132368095215	2
1576.6254693870692	2
1576.7375279334021	2
1576.8494124800393	2
1576.9611230555477	2
1577.072659689295	2
1577.1840224117232	2
1577.2952112512394	2
1577.4062262353727	2
1577.5170673964246	2
1577.6277347629464	2
1577.738228364415	2
1577.848548229578	2
1577.9586943875468	2
1578.0686668684962	2
1578.1784657025576	2
1578.2880909177297	2
1578.3975425437818	2
1578.5068206102042	2
1578.615925147513	2
1578.7248561827525	2
1578.8336137478468	2
1578.9421978704565	2
1579.0506085823768	2
1579.1588459114485	2
1579.2669098877543	2
1579.3748005400641	2
1579.4825178984995	2
1579.5900619928516	2
1579.6974328513522	2
1579.8046305066937	2
1579.9116549850432	2
1580.0185063170745	2
1580.1251845334327	2
1580.2316896618963	2
1580.3380217331166	2
1580.444180777204	2
1580.5501668229306	2
1580.6559799016502	2
1580.7616200406958	2
1580.8670872713953	2
1580.9723816212058	2
1581.0775031222843	2
1581.1824518041603	2
1581.2872276947892	2
1581.3918308254592	2
1581.496261224474	2
1581.6005189235723	2
1581.7046039500704	2
1581.8085163363417	2
1581.9122561092918	2
1582.015823301747	2
1582.119217940878	2
1582.2224400589148	2
1582.3254896838996	2
1582.4283668459866	2
1582.531071576168	2
1582.6336039033474	2
1582.735963857551	2
1582.8381514666316	2
1582.940166763802	2
1583.0420097765477	2
1583.14368053754	2
1583.245179073628	2
1583.3465054153633	2
1583.447659593928	2
1583.5486416394558	2
1583.6494515806924	2
1583.75008944922	2
1583.8505552720437	2
1583.950849081852	2
1584.05097090811	2
1584.1509207818826	2
1584.2506987307108	2
1584.3503047858126	2
1584.4497389768192	2
1584.5490013346214	2
1584.648091888762	2
1584.7470106700891	2
1584.8457577084403	2
1584.9443330333831	2
1585.0427366757351	2
1585.140968665262	2
1585.239029031857	2
1585.3369178052412	2
1585.434635017838	2
1585.5321806977338	2
1585.6295548756646	2
1585.7267575832466	2
1585.8237888482186	2
1585.9206487026188	2
1586.0173371761953	2
1586.113854299356	2
1586.210200103308	2
1586.3063746164648	2
1586.4023778704586	2
1586.4982098961111	2
1586.5938707225814	2
1586.6893603801436	2
1586.7846789000862	2
1586.8798263118606	2
1586.9748026470918	2
1587.0696079348236	2
1587.1642422064333	2
1587.2587054924809	2
1587.3529978220818	2
1587.4471192277092	2
1587.54106973874	2
1587.634849385866	2
1587.728458199804	2
1587.8218962095382	2
1587.9151634478644	2
1588.008259945392	2
1588.1011857296319	2
1588.1939408351616	2
1588.2865252888846	2
1588.3789391241141	2
1588.4711823699208	2
1588.563255058022	2
1588.6551572192434	2
1588.7468888830804	2
1588.8384500814857	2
1588.9298408443226	2
1589.0210612035562	2
1589.1121111874747	2
1589.2029908288093	2
1589.2937001584573	2
1589.3842392061513	2
1589.4746080031036	2
1589.5648065798935	2
1589.6548349686734	2
1589.7446931979493	2
1589.8343813007596	2
1589.9238993074516	2
1590.013247247724	2
1590.1024251549136	2
1590.1914330581653	2
1590.280270987441	2
1590.3689389764638	2
1590.4574370541866	2
1590.5457652524574	2
1590.6339236023528	2
1590.721912134532	2
1590.8097308796964	2
1590.8973798690088	2
1590.9848591332882	2
1591.0721687065268	2
1591.1593086157793	2
1591.2462788945397	2
1591.333079573072	2
1591.4197106830934	2
1591.5061722549167	2
1591.5924643214994	2
1591.6785869124108	2
1591.764540058374	2
1591.8503237924238	2
1591.935938145491	2
1592.0213831480364	2
1592.106658831616	2
1592.191765228565	2
1592.2767023694223	2
1592.3614702850357	2
1592.446069008369	2
1592.530498569336	2
1592.6147589990965	2
1592.6988503309137	2
1592.7827725938175	2
1592.8665258211386	2
1592.9501100433224	2
1593.0335252927796	2
1593.1167716008908	2
1593.199848997632	2
1593.2827575164329	2
1593.365497188681	2
1593.448068045623	2
1593.5304701187101	2
1593.6127034391666	2
1593.6947680396959	2
1593.7766639514225	2
1593.8583912057204	2
1593.939949835505	2
1594.0213398714595	2
1594.1025613455377	2
1594.1836142896498	2
1594.264498735488	2
1594.3452147156427	2
1594.425762260073	2
1594.5061414028203	2
1594.5863521742917	2
1594.6663946064152	2
1594.7462687316354	2
1594.8259745817904	2
1594.9055121891847	2
1594.9848815849011	2
1595.0640828013995	2
1595.143115871023	2
1595.2219808258292	2
1595.300677697795	2
1595.379206519114	2
1595.4575673209993	2
1595.5357601362148	2
1595.6137849974396	2
1595.6916419357783	2
1595.7693309836473	2
1595.8468521741677	2
1595.9242055385705	2
1596.0013911091926	2
1596.0784089192707	2
1596.1552590001727	2
1596.2319413842959	2
1596.3084561047685	2
1596.384803192405	2
1596.4609826808808	2
1596.5369946026553	2
1596.6128389899072	2
1596.688515874592	2
1596.7640252893812	2
1596.8393672674797	2
1596.9145418402293	2
1596.989549040758	2
1597.064388901967	2
1597.1390614558231	2
1597.2135667356793	2
1597.2879047737	2
1597.3620756029316	2
1597.4360792561517	2
1597.5099157651568	2
1597.5835851628456	2
1597.6570874826023	2
1597.7304227566062	2
1597.8035910185326	2
1597.876592300262	2
1597.9494266354247	2
1598.0220940566435	2
1598.0945945964722	2
1598.1669282880441	2
1598.2390951642342	2
1598.3110952585412	2
1598.382928602902	2
1598.454595231779	2
1598.5260951766602	2
1598.5974284717465	2
1598.6685951503985	2
1598.7395952447332	2
1598.810428788328	2
1598.8810958143383	2
1598.9515963556853	2
1599.0219304473285	2
1599.0920981197964	2
1599.1620994085217	2
1599.2319343454462	2
1599.3016029647818	2
1599.3711052995156	2
1599.440441383321	2
1599.5096112494712	2
1599.5786149311946	2
1599.6474524620387	2
1599.7161238753868	2
1599.78462920534	2
1599.8529684849893	2
1599.9211417478593	2
1599.989149028556	2
1600.056990359091	2
1600.1246657741099	2
1600.192175307261	2
1600.2595189923886	2
1600.3266968624434	2
1600.3937089523558	2
1600.4605552950904	2
1600.5272359252383	2
1600.5937508759932	2
1600.6601001817844	2
1600.7262838757854	2
1600.7923019922364	2
1600.8581545654351	2
1600.9238416296569	2
1600.9893632184703	2
1601.0547193664022	2
1601.119910106888	2
1601.1849354743317	2
1601.2497955034323	2
1601.3144902277795	2
1601.3790196820037	2
1601.4433839001465	2
1601.5075829166794	2
1601.5716167659498	2
1601.6354854823928	2
1601.6991891001148	2
1601.7627276539117	2
1601.8261011777086	2
1601.8893097064054	2
1601.952353274606	2
1602.0152319164167	2
1602.0779456669554	2
1602.1404945607687	2
1602.202878631969	2
1602.2650979163018	2
1602.3271524478714	2
1602.389042261223	2
1602.450767391808	2
1602.512327873965	2
1602.573723742226	2
1602.6349550325463	2
1602.6960217792832	2
1602.756924017658	2
1602.8176617826575	2
1602.8782351087561	2
1602.9386440316296	2
1602.9988885862992	2
1603.0589688080654	2
1603.1188847319697	2
1603.1786363932304	2
1603.23822382744	2
1603.2976470694136	2
1603.3569061549463	2
1603.4160011192255	2
1603.4749319982654	2
1603.5336988268139	2
1603.5923016407312	2
1603.6507404755637	2
1603.709015366363	2
1603.767126349681	2
1603.8250734607298	2
1603.8828567351993	2
1603.9404762090817	2
1603.9979319182996	2
1604.055223898165	2
1604.1123521847821	2
1604.1693168143252	2
1604.2261178227902	2
1604.2827552458211	2
1604.3392291199552	2
1604.3955394812654	2
1604.451686365626	2
1604.507669809503	2
1604.5634898489063	2
1604.6191465202912	2
1604.6746398597138	2
1604.7299699041218	2
1604.7851366896646	2
1604.8401402527122	2
1604.8949806299645	2
1604.94965785781	2
1605.004171973176	2
1605.058523013011	2
1605.1127110136767	2
1605.1667360117394	2
1605.220598044154	2
1605.2742971481186	2
1605.327833360166	2
1605.381206717655	2
1605.4344172573067	2
1605.4874650165352	2
1605.5403500318234	2
1605.5930723412969	2
1605.6456319818758	2
1605.6980289907037	2
1605.7502634055008	2
1605.8023352633913	2
1605.854244601847	2
1605.905991458403	2
1605.957575870955	2
1606.0089978771525	2
1606.0602575146368	2
1606.111354820994	2
1606.1622898341986	2
1606.2130625922211	2
1606.2636731329105	2
1606.3141214943935	2
1606.3644077143808	2
1606.414531831877	2
1606.4644938842569	2
1606.514293910535	2
1606.563931948639	2
1606.6134080369575	2
1606.662722213989	2
1606.7118745185016	2
1606.7608649891395	2
1606.809693664772	2
1606.858360583838	2
1606.9068657852008	2
1606.9552093077216	2
1607.0033911907806	2
1607.0514114729217	2
1607.0992701935927	2
1607.146967392212	2
1607.1945031076395	2
1607.2418773797715	2
1607.2890902475572	2
1607.336141750503	2
1607.3830319290898	2
1607.4297608221655	2
1607.4763284698947	2
1607.5227349118857	2
1607.5689801882768	2
1607.6150643392957	2
1607.6609874048256	2
1607.7067494252196	2
1607.7523504405406	2
1607.797790491018	2
1607.8430696180144	2
1607.8881878612062	2
1607.9331452618965	2
1607.977941860721	2
1608.0225776984691	2
1608.067052816065	2
1608.1113672547408	2
1608.1555210557212	2
1608.1995142605583	2
1608.2433469101768	2
1608.2870190461863	2
1608.3305307099645	2
1608.373881943902	2
1608.4170727895832	2
1608.4601032887956	2
1608.5029734836646	2
1608.545683416275	2
1608.5882331291914	2
1608.63062266477	2
1608.6728520655683	2
1608.714921374069	2
1608.7568306334178	2
1608.798579886262	2
1608.8401691757763	2
1608.8815985450292	2
1608.9228680376266	2
1608.9639776966228	2
1609.004927565919	2
1609.0457176894101	2
1609.0863481106067	2
1609.1268188737338	2
1609.1671300231242	2
1609.2072816027528	2
1609.247273657709	2
1609.2871062319393	2
1609.326779370786	2
1609.366293119026	2
1609.4056475214625	2
1609.4448426238384	2
1609.483878471457	2
1609.5227551100581	2
1609.5614725854346	2
1609.6000309436838	2
1609.6384302308554	2
1609.676670493297	2
1609.7147517774533	2
1609.7526741302784	2
1609.7904375986654	2
1609.8280422294636	2
1609.865488070262	2
1609.9027751687365	2
1609.9399035723484	2
1609.9768733292374	2
1610.0136844876472	2
1610.0503370958475	2
1610.086831202518	2
1610.1231668565422	2
1610.159344107182	2
1610.1953630033058	2
1610.2312235949419	2
1610.266925931611	2
1610.3024700635815	2
1610.337856040729	2
1610.3730839144882	2
1610.4081537351376	2
1610.4430655536655	2
1610.477819421945	2
1610.5124153914323	2
1610.5468535138314	2
1610.5811338420153	2
1610.6152564278486	2
1610.6492213247516	2
1610.6830285855444	2
1610.716678263994	2
1610.7501704136562	2
1610.7835050890185	2
1610.816682344148	2
1610.8497022340766	2
1610.8825648141715	2
1610.915270139619	2
1610.9478182666921	2
1610.9802092511334	2
1611.012443149993	2
1611.044520020144	2
1611.0764399190064	2
1611.1082029042127	2
1611.1398090344244	2
1611.1712583680007	2
1611.202550964277	2
1611.2336868825214	2
1611.2646661826222	2
1611.2954889253529	2
1611.3261551712094	2
1611.3566649818504	2
1611.3870184191408	2
1611.4172155451652	2
1611.447256422983	2
1611.4771411157824	2
1611.5068696874894	2
1611.5364422025914	2
1611.5658587260746	2
1611.5951193233411	2
1611.6242240606434	2
1611.653173004677	2
1611.6819662227974	2
1611.710603782702	2
1611.7390857531125	2
1611.7674122031576	2
1611.795583202682	2
1611.8235988220554	2
1611.8514591327096	2
1611.8791642064723	2
1611.9067141156827	2
1611.9341089338777	2
1611.96134873525	2
1611.9884335944919	2
1612.0153635873614	2
1612.0421387900221	2
1612.0687592799177	2
1612.0952251349574	2
1612.1215364342963	2
1612.1476932576786	2
1612.1736956858122	2
1612.1995438003173	2
1612.225237683597	2
1612.2507774193382	2
1612.2761630922319	2
1612.301394787375	2
1612.3264725915806	2
1612.3513965922666	2
1612.3761668781583	2
1612.4007835390723	2
1612.4252466658145	2
1612.4495563507119	2
1612.473712686681	2
1612.4977157685148	2
1612.5215656916398	2
1612.5452625529251	2
1612.5688064509095	2
1612.5921974851556	2
1612.6154357566043	2
1612.6385213677795	2
1612.6614544221723	2
1612.6842350253185	2
1612.7068632839823	2
1612.7293393066336	2
1612.751663202997	2
1612.773835084601	2
1612.7958550647918	2
1612.8177232586056	2
1612.8394397824748	2
1612.8610047553138	2
1612.8824182970397	2
1612.9036805301455	2
1612.92479157874	2
1612.9457515687789	2
1612.9665606287315	2
1612.9872188887198	2
1613.007726481368	2
1613.0280835411488	2
1613.0482902052577	2
1613.0683466127718	2
1613.0882529054695	2
1613.1080092273817	2
1613.1276157252569	2
1613.1470725483412	2
1613.1663798482248	2
1613.1855377800644	2
1613.204546501079	2
1613.223406171678	2
1613.2421169551894	2
1613.2606790182185	2
1613.279092530121	1
1613.3467852782271	1
