0	0	1.9999980942500997	0	1
1	0	1.097875174308471	1	2
2	0	2.0000032816477975	2	-1
0	0.07978026261832193	1.9997098574535541	0	1
1	0.07978026261832193	1.0980750458479616	1	2
2	0.07978026261832193	2.000491389983834	2	-1
0	0.1076457531820669	1.9996151920285432	0	1
1	0.1076457531820669	1.0981373125629088	1	2
2	0.1076457531820669	2.0006483221237916	2	-1
0	0.14043039988712303	1.9995068000271174	0	1
1	0.14043039988712303	1.0982067550479298	1	2
2	0.14043039988712303	2.0008261566102385	2	-1
0	0.17307853091268613	1.9994015110119006	0	1
1	0.17307853091268613	1.0982724702865696	1	2
2	0.17307853091268613	2.000997160864095	2	-1
0	0.20729613770085342	1.999293469641293	0	1
1	0.20729613770085342	1.0983382972196059	1	2
2	0.20729613770085342	2.001171029167739	2	-1
0	0.2426676492048017	1.9991837846627565	0	1
1	0.2426676492048017	1.098403646620836	1	2
2	0.2426676492048017	2.0013460635475053	2	-1
0	0.2794478836740867	1.999071440537493	0	1
1	0.2794478836740867	1.0984692279976058	1	2
2	0.2794478836740867	2.001523989049539	2	-1
0	0.3176951666538591	1.9989560544124751	0	1
1	0.3176951666538591	1.0985353551089934	1	2
2	0.3176951666538591	2.0017055022859442	2	-1
0	0.3575466731674481	1.9988370154763802	0	1
1	0.3575466731674481	1.0986024624462645	1	2
2	0.3575466731674481	2.001891648559311	2	-1
0	0.399133998271012	1.9987137427784263	0	1
1	0.399133998271012	1.0986709533180106	1	2
2	0.399133998271012	2.0020834121290103	2	-1
0	0.4426136254548989	1.998585591197618	0	1
1	0.4426136254548989	1.0987412536725603	1	2
2	0.4426136254548989	2.0022818640643685	2	-1
0	0.48816143362766834	1.9984518658754329	0	1
1	0.48816143362766834	1.0988138034463182	1	2
2	0.48816143362766834	2.0024881391603113	2	-1
0	0.5359799472830928	1.9983117982047212	0	1
1	0.5359799472830928	1.098889069396563	1	2
2	0.5359799472830928	2.002703472781268	2	-1
0	0.5863029557790326	1.998164529154352	0	1
1	0.5863029557790326	1.098967553577038	1	2
2	0.5863029557790326	2.002929226012112	2	-1
0	0.6394031329461198	1.9980090830576496	0	1
1	0.6394031329461198	1.0990498067046308	1	2
2	0.6394031329461198	2.0031669252364073	2	-1
0	0.6956017375015336	1.9978443342873555	0	1
1	0.6956017375015336	1.0991364449428231	1	2
2	0.6956017375015336	2.0034183122448934	2	-1
0	0.7552822380541158	1.9976689609435985	0	1
1	0.7552822380541158	1.0992281730738211	1	2
2	0.7552822380541158	2.0036854137196487	2	-1
0	0.8189098803167473	1.9974813788807317	0	1
1	0.8189098803167473	1.0993258173275655	1	2
2	0.8189098803167473	2.0039706400362594	2	-1
0	0.887061365173128	1.9972796425367187	0	1
1	0.887061365173128	1.0994303745732044	1	2
2	0.887061365173128	2.0042769336259116	2	-1
0	0.9604728227613109	1.9970612861039096	0	1
1	0.9604728227613109	1.099543090999601	1	2
2	0.9604728227613109	2.0046080064851175	2	-1
0	1.0401242336214134	1.996823046719678	0	1
1	1.0401242336214134	1.0996655992920497	1	2
2	1.0401242336214134	2.0049687541617978	2	-1
0	1.1274057168695983	1.9965603244333279	0	1
1	1.1274057168695983	1.0998001866853997	1	2
2	1.1274057168695983	2.005366063841498	2	-1
0	1.2245012037254233	1.996265947322224	0	1
1	1.2245012037254233	1.0999504093404109	1	2
2	1.2245012037254233	2.005810663607613	2	-1
0	1.3355195849822703	1.9959265589995125	0	1
1	1.3355195849822703	1.1001228941259384	1	2
2	1.3355195849822703	2.0063225367158517	2	-1
0	1.4685597091238258	1.9955158367354366	0	1
1	1.4685597091238258	1.100330680615708	1	2
2	1.4685597091238258	2.0069410454696976	2	-1
0	1.6126494589136449	1.9950659885786695	0	1
1	1.6126494589136449	1.1005571283438793	1	2
2	1.6126494589136449	2.007617341354636	2	-1
0	1.7481245547183801	1.994638217551113	0	1
1	1.7481245547183801	1.100771415607736	1	2
2	1.7481245547183801	2.008259399646049	2	-1
0	1.8736587183444793	1.994237621302678	0	1
1	1.8736587183444793	1.1009712027806975	1	2
2	1.8736587183444793	2.0088597830674457	2	-1
0	1.9977617582122564	1.9938375682705278	0	1
1	1.9977617582122564	1.101169895060798	1	2
2	1.9977617582122564	2.0094585283796964	2	-1
0	2.12019005747119	1.9934389582299308	0	1
1	2.12019005747119	1.1013670812368073	1	2
2	2.12019005747119	2.010054324596303	2	-1
0	2.241820845435837	1.993039019980741	0	1
1	2.241820845435837	1.1015641608414308	1	2
2	2.241820845435837	2.010651342450116	2	-1
0	2.362748306868808	1.9926374826163342	0	1
1	2.362748306868808	1.1017612864889257	1	2
2	2.362748306868808	2.0112500054620175	2	-1
0	2.483110752028993	1.9922339150023338	0	1
1	2.483110752028993	1.1019586867113877	1	2
2	2.483110752028993	2.01185097329848	2	-1
0	2.6029470562430075	1.9918282067664517	0	1
1	2.6029470562430075	1.1021564307720495	1	2
2	2.6029470562430075	2.012454425595024	2	-1
0	2.722285660237947	1.9914202786936577	0	1
1	2.722285660237947	1.1023545720072239	1	2
2	2.722285660237947	2.013060494902992	2	-1
0	2.8411387508216364	1.9910101045495692	0	1
1	2.8411387508216364	1.1025531375990245	1	2
2	2.8411387508216364	2.0136692346388814	2	-1
0	2.9595140374847384	1.9905976724920262	0	1
1	2.9595140374847384	1.1027521476233464	1	2
2	2.9595140374847384	2.0142806767207464	2	-1
0	3.0774160091598444	1.9901829813509448	0	1
1	3.0774160091598444	1.102951616961475	1	2
2	3.0774160091598444	2.0148948371999564	2	-1
0	3.1948478907388793	1.9897660341725794	0	1
1	3.1948478907388793	1.1031515584771356	1	2
2	3.1948478907388793	2.0155117258939823	2	-1
0	3.3118121907251394	1.9893468364517108	0	1
1	3.3118121907251394	1.1033519838929036	1	2
2	3.3118121907251394	2.0161313490306187	2	-1
0	3.428311090957236	1.988925394830661	0	1
1	3.428311090957236	1.103552904426858	1	2
2	3.428311090957236	2.016753711185623	2	-1
0	3.544346599464731	1.9885017165900738	0	1
1	3.544346599464731	1.1037543310414206	1	2
2	3.544346599464731	2.017378816040773	2	-1
0	3.65992064028223	1.9880758093428468	0	1
1	3.65992064028223	1.1039562745914198	1	2
2	3.65992064028223	2.018006666837999	2	-1
0	3.7750350884286012	1.9876476809150447	0	1
1	3.7750350884286012	1.104158745881252	1	2
2	3.7750350884286012	2.0186372665556336	2	-1
0	3.8896917915231217	1.987217339270234	0	1
1	3.8896917915231217	1.1043617557006038	1	2
2	3.8896917915231217	2.019270618019796	2	-1
0	4.003892585267627	1.9867847924528275	0	1
1	4.003892585267627	1.1045653148506598	1	2
2	4.003892585267627	2.0199067239872583	2	-1
0	4.11763928600896	1.986350048616278	0	1
1	4.11763928600896	1.1047694341301266	1	2
2	4.11763928600896	2.0205455871032747	2	-1
0	4.230933703903163	1.9859131159730325	0	1
1	4.230933703903163	1.1049741243580538	1	2
2	4.230933703903163	2.021187209974447	2	-1
0	4.343777637834772	1.9854740028130844	0	1
1	4.343777637834772	1.1051793963643104	1	2
2	4.343777637834772	2.021831595140652	2	-1
0	4.456172880125626	1.985032717484989	0	1
1	4.456172880125626	1.1053852609976775	1	2
2	4.456172880125626	2.0224787451021147	2	-1
0	4.568121213231128	1.9845892684077808	0	1
1	4.568121213231128	1.1055917291194677	1	2
2	4.568121213231128	2.023128662301113	2	-1
0	4.679624413212333	1.984143664056392	0	1
1	4.679624413212333	1.105798811609521	1	2
2	4.679624413212333	2.023781349142555	2	-1
0	4.790684247540537	1.9836959129692961	0	1
1	4.790684247540537	1.106006519361836	1	2
2	4.790684247540537	2.0244368079819663	2	-1
0	4.901302470292238	1.9832460237672778	0	1
1	4.901302470292238	1.106214863275098	1	2
2	4.901302470292238	2.025095041097246	2	-1
0	5.011480837106493	1.9827940050918107	0	1
1	5.011480837106493	1.1064238542804379	1	2
2	5.011480837106493	2.025756050778053	2	-1
0	5.121221085355458	1.9823398656848203	0	1
1	5.121221085355458	1.1066335033037098	1	2
2	5.121221085355458	2.0264198392083155	2	-1
0	5.230524951861853	1.9818836143153058	0	1
1	5.230524951861853	1.1068438212986569	1	2
2	5.230524951861853	2.027086408572777	2	-1
0	5.339394159147857	1.9814252598352122	0	1
1	5.339394159147857	1.1070548192203282	1	2
2	5.339394159147857	2.027755760974542	2	-1
0	5.447830426250047	1.9809648111335192	0	1
1	5.447830426250047	1.1072665080454807	1	2
2	5.447830426250047	2.0284278985013873	2	-1
0	5.5558354615796794	1.9805022771652134	0	1
1	5.5558354615796794	1.1074788987584618	1	2
2	5.5558354615796794	2.0291028231826744	2	-1
0	5.6634109647164355	1.9800376669430695	0	1
1	5.6634109647164355	1.1076920023542418	1	2
2	5.6634109647164355	2.0297805370005984	2	-1
0	5.770558630215111	1.9795709895202518	0	1
1	5.770558630215111	1.1079058298456337	1	2
2	5.770558630215111	2.0304610419148075	2	-1
0	5.877280139144203	1.9791022540261909	0	1
1	5.877280139144203	1.108120392246093	1	2
2	5.877280139144203	2.0311443398093285	2	-1
0	5.983577169074738	1.9786314696222789	0	1
1	5.983577169074738	1.1083357005892758	1	2
2	5.983577169074738	2.031830432556423	2	-1
0	6.089451386136386	1.9781586455357862	0	1
1	6.089451386136386	1.1085517659127604	1	2
2	6.089451386136386	2.0325193219664004	2	-1
0	6.194904450094365	1.9776837910366711	0	1
1	6.194904450094365	1.1087685992679241	1	2
2	6.194904450094365	2.033211009820679	2	-1
0	6.299938010529182	1.9772069154538314	0	1
1	6.299938010529182	1.1089862117117815	1	2
2	6.299938010529182	2.033905497847376	2	-1
0	6.404553709302982	1.9767280281633233	0	1
1	6.404553709302982	1.1092046143116412	1	2
2	6.404553709302982	2.034602787737744	2	-1
0	6.508753180901856	1.9762471385858822	0	1
1	6.508753180901856	1.1094238181455103	1	2
2	6.508753180901856	2.035302881149054	2	-1
0	6.612538051421632	1.9757642561907114	0	1
1	6.612538051421632	1.1096438342996449	1	2
2	6.612538051421632	2.0360057796983595	2	-1
0	6.715909938961384	1.9752793904928783	0	1
1	6.715909938961384	1.1098646738690252	1	2
2	6.715909938961384	2.036711484965573	2	-1
0	6.8188704499491815	1.9747925510699453	0	1
1	6.8188704499491815	1.1100863479490763	1	2
2	6.8188704499491815	2.037419998468557	2	-1
0	6.92142118559031	1.9743037475310086	0	1
1	6.92142118559031	1.1103088676490662	1	2
2	6.92142118559031	2.0381313217074837	2	-1
0	7.02356373892727	1.9738129895295609	0	1
1	7.02356373892727	1.110532244085546	1	2
2	7.02356373892727	2.0388454561454115	2	-1
0	7.125299692413542	1.9733202867745394	0	1
1	7.125299692413542	1.1107564883766292	1	2
2	7.125299692413542	2.039562403191516	2	-1
0	7.226630624394276	1.972825648998295	0	1
1	7.226630624394276	1.1109816116558826	1	2
2	7.226630624394276	2.0402821642470137	2	-1
0	7.327558098757596	1.9723290860062004	0	1
1	7.327558098757596	1.1112076250490643	1	2
2	7.327558098757596	2.04100474063229	2	-1
0	7.428083675309804	1.971830607625505	0	1
1	7.428083675309804	1.1114345396967225	1	2
2	7.428083675309804	2.0417301336606437	2	-1
0	7.528208906715199	1.9713302237191952	0	1
1	7.528208906715199	1.1116623667472143	1	2
2	7.528208906715199	2.042458344617445	2	-1
0	7.627935334685982	1.970827944204369	0	1
1	7.627935334685982	1.1118911173476747	1	2
2	7.627935334685982	2.043189374732732	2	-1
0	7.727264491983345	1.9703237790419064	0	1
1	7.727264491983345	1.1121208026480494	1	2
2	7.727264491983345	2.0439232251955692	2	-1
0	7.826197905948629	1.9698177382178281	0	1
1	7.826197905948629	1.112351433808929	1	2
2	7.826197905948629	2.044659897180527	2	-1
0	7.924737093030708	1.9693098317704212	0	1
1	7.924737093030708	1.1125830219885386	1	2
2	7.924737093030708	2.0453993918075435	2	-1
0	8.022883563678132	1.9688000697646295	0	1
1	8.022883563678132	1.1128155783537568	1	2
2	8.022883563678132	2.046141710178553	2	-1
0	8.120638819662867	1.9682884623050612	0	1
1	8.120638819662867	1.1130491140735481	1	2
2	8.120638819662867	2.046886853357913	2	-1
0	8.218004352724567	1.9677750195426496	0	1
1	8.218004352724567	1.1132836403152768	1	2
2	8.218004352724567	2.0476348223620535	2	-1
0	8.314981648683862	1.9672597516524917	0	1
1	8.314981648683862	1.1135191682541903	1	2
2	8.314981648683862	2.0483856181911246	2	-1
0	8.4115721842095	1.9667426688501828	0	1
1	8.4115721842095	1.113755709065332	1	2
2	8.4115721842095	2.0491392418045753	2	-1
0	8.507777428852611	1.9662237813804275	0	1
1	8.507777428852611	1.113993273928125	1	2
2	8.507777428852611	2.0498956941371236	2	-1
0	8.603598840885903	1.965703099538965	0	1
1	8.603598840885903	1.1142318740157116	1	2
2	8.603598840885903	2.0506549760661725	2	-1
0	8.69903787607019	1.9651806336244828	0	1
1	8.69903787607019	1.114471520516366	1	2
2	8.69903787607019	2.051417088481309	2	-1
0	8.794095977039326	1.9646563939956971	0	1
1	8.794095977039326	1.1147122246067327	1	2
2	8.794095977039326	2.0521820322004616	2	-1
0	8.888774580642343	1.9641303910309038	0	1
1	8.888774580642343	1.114953997469757	1	2
2	8.888774580642343	2.0529498080282793	2	-1
0	8.98307511517231	1.9636026351425557	0	1
1	8.98307511517231	1.1151968502874041	1	2
2	8.98307511517231	2.0537204167342744	2	-1
0	9.076999001087717	1.9630731367727727	0	1
1	9.076999001087717	1.1154407942421245	1	2
2	9.076999001087717	2.054493859058778	2	-1
0	9.170547650427174	1.9625419063961353	0	1
1	9.170547650427174	1.1156858405149759	1	2
2	9.170547650427174	2.055270135708267	2	-1
0	9.263722468585204	1.962008954509083	0	1
1	9.263722468585204	1.1159320002899304	1	2
2	9.263722468585204	2.0560492473702734	2	-1
0	9.356524851337184	1.961474291646359	0	1
1	9.356524851337184	1.1161792847457053	1	2
2	9.356524851337184	2.0568311946887725	2	-1
0	9.448956188838821	1.960937928357588	0	1
1	9.448956188838821	1.1164277050660114	1	2
2	9.448956188838821	2.0576159782978496	2	-1
0	9.541017860451635	1.9603998752366827	0	1
1	9.541017860451635	1.1166772724253764	1	2
2	9.541017860451635	2.0584035987781197	2	-1
0	9.632711239961223	1.9598601428911673	0	1
1	9.632711239961223	1.1169279980027818	1	2
2	9.632711239961223	2.0591940567010405	2	-1
0	9.724037692152665	1.959318741961624	0	1
1	9.724037692152665	1.1171798929720915	1	2
2	9.724037692152665	2.0599873525998937	2	-1
0	9.814998574743095	1.9587756831099208	0	1
1	9.814998574743095	1.1174329685069635	1	2
2	9.814998574743095	2.0607834869864687	2	-1
0	9.905595237735138	1.9582309770225264	0	1
1	9.905595237735138	1.1176872357787615	1	2
2	9.905595237735138	2.061582460345661	2	-1
0	9.995829022894034	1.9576846344132532	0	1
1	9.995829022894034	1.1179427059547298	1	2
2	9.995829022894034	2.0623842731309026	2	-1
0	10.08570126411291	1.9571366660207143	0	1
1	10.08570126411291	1.1181993901986291	1	2
2	10.08570126411291	2.063188925767341	2	-1
0	10.175213288135526	1.9565870826035003	0	1
1	10.175213288135526	1.1184572996724613	1	2
2	10.175213288135526	2.063996418658387	2	-1
0	10.264366414830395	1.9560358949379701	0	1
1	10.264366414830395	1.1187164455369891	1	2
2	10.264366414830395	2.0648067521884452	2	-1
0	10.353161953922461	1.9554831138381152	0	1
1	10.353161953922461	1.1189768389418668	1	2
2	10.353161953922461	2.0656199266931776	2	-1
0	10.441601210419911	1.954928750121589	0	1
1	10.441601210419911	1.1192384910410924	1	2
2	10.441601210419911	2.0664359425089294	2	-1
0	10.529685480443824	1.954372814635132	0	1
1	10.529685480443824	1.1195014129805387	1	2
2	10.529685480443824	2.0672547999348327	2	-1
0	10.617416052848329	1.9538153182441667	0	1
1	10.617416052848329	1.1197656159023364	1	2
2	10.617416052848329	2.0680764992475957	2	-1
0	10.704794208074068	1.9532562718397506	0	1
1	10.704794208074068	1.1200311109410688	1	2
2	10.704794208074068	2.068901040690744	2	-1
0	10.791821220952494	1.9526956863203098	0	1
1	10.791821220952494	1.1202979092319407	1	2
2	10.791821220952494	2.069728424501057	2	-1
0	10.878498356900796	1.9521335726156603	0	1
1	10.878498356900796	1.1205660218988736	1	2
2	10.878498356900796	2.070558650872639	2	-1
0	10.964826875598751	1.9515699416630294	0	1
1	10.964826875598751	1.1208354600654162	1	2
2	10.964826875598751	2.0713917199918126	2	-1
0	11.050808028825502	1.9510048044206427	0	1
1	11.050808028825502	1.1211062348478	1	2
2	11.050808028825502	2.072227632016583	2	-1
0	11.13644306060318	1.9504381718665789	0	1
1	11.13644306060318	1.1213783573549838	1	2
2	11.13644306060318	2.073066387077831	2	-1
0	11.221733207927954	1.9498700549936792	0	1
1	11.221733207927954	1.1216518386906151	1	2
2	11.221733207927954	2.073907985286362	2	-1
0	11.306679700865654	1.9493004648085526	0	1
1	11.306679700865654	1.1219266899530438	1	2
2	11.306679700865654	2.0747524267339172	2	-1
0	11.391283761717629	1.9487294123368688	0	1
1	11.391283761717629	1.1222029222323031	1	2
2	11.391283761717629	2.0755997114848608	2	-1
0	11.475546605951104	1.9481569086168593	0	1
1	11.475546605951104	1.122480546612779	1	2
2	11.475546605951104	2.0764498395853455	2	-1
0	11.559469442054091	1.947582964699968	0	1
1	11.559469442054091	1.1227595741724468	1	2
2	11.559469442054091	2.0773028110619047	2	-1
0	11.64305347173374	1.9470075916491807	0	1
1	11.64305347173374	1.1230400159832399	1	2
2	11.64305347173374	2.078158625923485	2	-1
0	11.726299888216479	1.9464308005505147	0	1
1	11.726299888216479	1.123321883104993	1	2
2	11.726299888216479	2.0790172841439043	2	-1
0	11.809209878526412	1.9458526024971488	0	1
1	11.809209878526412	1.1236051865927195	1	2
2	11.809209878526412	2.0798787856849965	2	-1
0	11.891784623939675	1.9452730085857974	0	1
1	11.891784623939675	1.1238899374979927	1	2
2	11.891784623939675	2.080743130501621	2	-1
0	11.97402529678648	1.9446920299388606	0	1
1	11.97402529678648	1.1241761468576421	1	2
2	11.97402529678648	2.0816103185082073	2	-1
0	12.05593306311163	1.9441096776856746	0	1
1	12.05593306311163	1.124463825702506	1	2
2	12.05593306311163	2.082480349606257	2	-1
0	12.13750908190007	1.9435259629677089	0	1
1	12.13750908190007	1.1247529850544544	1	2
2	12.13750908190007	2.0833532236761716	2	-1
0	12.218754506168201	1.9429408969305153	0	1
1	12.218754506168201	1.125043635929968	1	2
2	12.218754506168201	2.0842289405888788	2	-1
0	12.299670481928912	1.942354490730848	0	1
1	12.299670481928912	1.1253357893362113	1	2
2	12.299670481928912	2.0851075001947894	2	-1
0	12.380258146817985	1.9417667555465625	0	1
1	12.380258146817985	1.1256294562656606	1	2
2	12.380258146817985	2.0859889023085243	2	-1
0	12.460518633675258	1.941177702550433	0	1
1	12.460518633675258	1.1259246477087521	1	2
2	12.460518633675258	2.0868731467477453	2	-1
0	12.540453068140925	1.940587342927333	0	1
1	12.540453068140925	1.1262213746449357	1	2
2	12.540453068140925	2.0877602333070286	2	-1
0	12.620062568663283	1.9399956878741216	0	1
1	12.620062568663283	1.1265196480423096	1	2
2	12.620062568663283	2.088650161757614	2	-1
0	12.69934824689393	1.9394027485966348	0	1
1	12.69934824689393	1.1268194788587207	1	2
2	12.69934824689393	2.089542931851512	2	-1
0	12.77831120836466	1.9388085363044603	0	1
1	12.77831120836466	1.1271208780440218	1	2
2	12.77831120836466	2.090438543328988	2	-1
0	12.856952552288377	1.9382130622121898	0	1
1	12.856952552288377	1.1274238565390768	1	2
2	12.856952552288377	2.091336995916313	2	-1
0	12.93527337117382	1.9376163375421647	0	1
1	12.93527337117382	1.1277284252739936	1	2
2	12.93527337117382	2.092238289321255	2	-1
0	13.01327475060741	1.9370183735260618	0	1
1	13.01327475060741	1.1280345951669242	1	2
2	13.01327475060741	2.0931424232302884	2	-1
0	13.090957769735006	1.9364191814011433	0	1
1	13.090957769735006	1.1283423771256005	1	2
2	13.090957769735006	2.094049397313883	2	-1
0	13.168323501986219	1.9358187724044953	0	1
1	13.168323501986219	1.1286517820499395	1	2
2	13.168323501986219	2.0949592112348703	2	-1
0	13.245373013655371	1.9352171577838644	0	1
1	13.245373013655371	1.1289628208261187	1	2
2	13.245373013655371	2.0958718646316803	2	-1
0	13.322107365412446	1.934614348785826	0	1
1	13.322107365412446	1.129275504332314	1	2
2	13.322107365412446	2.096787357135914	2	-1
0	13.398527610988847	1.9340103566659357	0	1
1	13.398527610988847	1.129589843433109	1	2
2	13.398527610988847	2.0977056883565997	2	-1
0	13.474634798272387	1.9334051926800533	0	1
1	13.474634798272387	1.1299058489836384	1	2
2	13.474634798272387	2.098626857893011	2	-1
0	13.55042996856338	1.932798868090129	0	1
1	13.55042996856338	1.1302235318262404	1	2
2	13.55042996856338	2.0995508653255373	2	-1
0	13.625914156767019	1.9321913941626556	0	1
1	13.625914156767019	1.1305429027909075	1	2
2	13.625914156767019	2.100477710217678	2	-1
0	13.70108839362948	1.9315827821504912	0	1
1	13.70108839362948	1.1308639727045438	1	2
2	13.70108839362948	2.1014073921434786	2	-1
0	13.775953700383832	1.9309730433360452	0	1
1	13.775953700383832	1.131186752367881	1	2
2	13.775953700383832	2.1023399106212617	2	-1
0	13.850511095262291	1.9303621889785316	0	1
1	13.850511095262291	1.1315112525829718	1	2
2	13.850511095262291	2.103275265193866	2	-1
0	13.924761588440138	1.9297502303549625	0	1
1	13.924761588440138	1.1318374841312098	1	2
2	13.924761588440138	2.1042134553656733	2	-1
0	13.998706185978454	1.9291371787278089	0	1
1	13.998706185978454	1.1321654577901896	1	2
2	13.998706185978454	2.1051544806518065	2	-1
0	14.072345885218187	1.9285230453830247	0	1
1	14.072345885218187	1.132495184313095	1	2
2	14.072345885218187	2.1060983405194964	2	-1
0	14.145681680550835	1.9279078415821371	0	1
1	14.145681680550835	1.1328266744540318	1	2
2	14.145681680550835	2.1070450344613207	2	-1
0	14.218714558239201	1.927291578605319	0	1
1	14.218714558239201	1.1331599389446323	1	2
2	14.218714558239201	2.1079945619287392	2	-1
0	14.291445500566264	1.9266742677166022	0	1
1	14.291445500566264	1.133494988512489	1	2
2	14.291445500566264	2.108946922385313	2	-1
0	14.363875482541648	1.9260559201915988	0	1
1	14.363875482541648	1.133831833865889	1	2
2	14.363875482541648	2.109902115263716	2	-1
0	14.436005473366212	1.9254365473052408	0	1
1	14.436005473366212	1.1341704857001171	1	2
2	14.436005473366212	2.1108601399843026	2	-1
0	14.507836438480206	1.9248161603140446	0	1
1	14.507836438480206	1.1345109547069203	1	2
2	14.507836438480206	2.1118209959823018	2	-1
0	14.579369334855746	1.92419477049663	0	1
1	14.579369334855746	1.134853251552037	1	2
2	14.579369334855746	2.112784682644833	2	-1
0	14.65060511582325	1.9235723891121324	0	1
1	14.65060511582325	1.1351973868977177	1	2
2	14.65060511582325	2.1137511993750113	2	-1
0	14.721544728333615	1.9229490274238352	0	1
1	14.721544728333615	1.1355433713894914	1	2
2	14.721544728333615	2.114720545555082	2	-1
0	14.792189113923094	1.922324696690828	0	1
1	14.792189113923094	1.1358912156604872	1	2
2	14.792189113923094	2.1156927205590854	2	-1
0	14.862539207944055	1.921699408174844	0	1
1	14.862539207944055	1.1362409303273573	1	2
2	14.862539207944055	2.1166677237419393	2	-1
0	14.932595941459626	1.9210731731234674	0	1
1	14.932595941459626	1.1365925259994034	1	2
2	14.932595941459626	2.117645554465362	2	-1
0	15.002360239415012	1.9204460027863437	0	1
1	15.002360239415012	1.1369460132692866	1	2
2	15.002360239415012	2.118626212072369	2	-1
0	15.07183302085161	1.9198179084134446	0	1
1	15.07183302085161	1.1373014027137003	1	2
2	15.07183302085161	2.1196096958896815	2	-1
0	15.141015200410454	1.9191889012415253	0	1
1	15.141015200410454	1.1376587049007856	1	2
2	15.141015200410454	2.1205960052486863	2	-1
0	15.209907686138639	1.9185589925140327	0	1
1	15.209907686138639	1.1380179303786153	1	2
2	15.209907686138639	2.1215851394540084	2	-1
0	15.278511381745874	1.9179281934606738	0	1
1	15.278511381745874	1.1383790896865533	1	2
2	15.278511381745874	2.122577097815306	2	-1
0	15.346827185928397	1.9172965153034909	0	1
1	15.346827185928397	1.1387421933516233	1	2
2	15.346827185928397	2.1235718796375584	2	-1
0	15.414855991155038	1.916663969268177	0	1
1	15.414855991155038	1.1391072518817684	1	2
2	15.414855991155038	2.1245694842030174	2	-1
0	15.482598684901268	1.9160305665728314	0	1
1	15.482598684901268	1.1394742757720526	1	2
2	15.482598684901268	2.125569910788647	2	-1
0	15.550056149323709	1.915396318431048	0	1
1	15.550056149323709	1.1398432755026628	1	2
2	15.550056149323709	2.1265731586610412	2	-1
0	15.617229262524882	1.914761236040045	0	1
1	15.617229262524882	1.140214261545625	1	2
2	15.617229262524882	2.127579227095006	2	-1
0	15.684118896585948	1.914125330599222	0	1
1	15.684118896585948	1.1405872443538074	1	2
2	15.684118896585948	2.1285881153440114	2	-1
0	15.75072591861776	1.9134886133004185	0	1
1	15.75072591861776	1.140962234366362	1	2
2	15.75072591861776	2.1295998226553694	2	-1
0	15.81705119103633	1.9128510953253284	0	1
1	15.81705119103633	1.1413392420100616	1	2
2	15.81705119103633	2.1306143482741593	2	-1
0	15.883095570116415	1.9122127878595334	0	1
1	15.883095570116415	1.1417182776907926	1	2
2	15.883095570116415	2.131631691420685	2	-1
0	15.948859908743563	1.9115737020660957	0	1
1	15.948859908743563	1.1420993518090006	1	2
2	15.948859908743563	2.132651851332331	2	-1
0	16.014345054267924	1.9109338491062813	0	1
1	16.014345054267924	1.142482474747254	1	2
2	16.014345054267924	2.133674827230399	2	-1
0	16.07955184894675	1.9102932401354789	0	1
1	16.07955184894675	1.1428676568724425	1	2
2	16.07955184894675	2.1347006183263897	2	-1
0	16.144481130905792	1.909651886293855	0	1
1	16.144481130905792	1.1432549085412251	1	2
2	16.144481130905792	2.135729223836796	2	-1
0	16.209133731457527	1.909009798732992	0	1
1	16.209133731457527	1.1436442400837548	1	2
2	16.209133731457527	2.136760642940189	2	-1
0	16.273510480268573	1.9083669885648178	0	1
1	16.273510480268573	1.144035661834414	1	2
2	16.273510480268573	2.137794874859022	2	-1
0	16.337612199431945	1.907723466920568	0	1
1	16.337612199431945	1.1444291840959135	1	2
2	16.337612199431945	2.1388319187647715	2	-1
0	16.401439708086677	1.9070792449049354	0	1
1	16.401439708086677	1.1448248171669784	1	2
2	16.401439708086677	2.139871773851469	2	-1
0	16.464993819506706	1.9064343336253582	0	1
1	16.464993819506706	1.1452225713243118	1	2
2	16.464993819506706	2.1409144392883794	2	-1
0	16.52827534400908	1.9057887441627444	0	1
1	16.52827534400908	1.1456224568404525	1	2
2	16.52827534400908	2.141959914267134	2	-1
0	16.591285085096917	1.9051424876108294	0	1
1	16.591285085096917	1.1460244839593092	1	2
2	16.591285085096917	2.143008197937906	2	-1
0	16.65402384327787	1.9044955750374601	0	1
1	16.65402384327787	1.146428662919952	1	2
2	16.65402384327787	2.144059289471918	2	-1
0	16.716492414018077	1.903848017505591	0	1
1	16.716492414018077	1.146835003943477	1	2
2	16.716492414018077	2.1451131880273118	2	-1
0	16.77869158826642	1.9031998260681104	0	1
1	16.77869158826642	1.1472435172360602	1	2
2	16.77869158826642	2.146169892757376	2	-1
0	16.84062215291807	1.9025510117631463	0	1
1	16.84062215291807	1.1476542129917966	1	2
2	16.84062215291807	2.147229402818076	2	-1
0	16.902284889816716	1.901901585624662	0	1
1	16.902284889816716	1.1480671013858705	1	2
2	16.902284889816716	2.1482917173506344	2	-1
0	16.963680576574006	1.9012515586741077	0	1
1	16.963680576574006	1.148482192579679	1	2
2	16.963680576574006	2.1493568354949977	2	-1
0	17.024809986875752	1.9006009419172893	0	1
1	17.024809986875752	1.14889949672274	1	2
2	17.024809986875752	2.1504247563948766	2	-1
0	17.085673889744434	1.899949746352344	0	1
1	17.085673889744434	1.1493190239474842	1	2
2	17.085673889744434	2.151495479184566	2	-1
0	17.14627305019629	1.8992979829629377	0	1
1	17.14627305019629	1.1497407843734972	1	2
2	17.14627305019629	2.1525690029999858	2	-1
0	17.2066082282683	1.8986456627289259	0	1
1	17.2066082282683	1.150164788100505	1	2
2	17.2066082282683	2.153645326961005	2	-1
0	17.266680180847413	1.8979927966068215	0	1
1	17.266680180847413	1.1505910452209278	1	2
2	17.266680180847413	2.1547244502035325	2	-1
0	17.326489660207148	1.8973393955457216	0	1
1	17.326489660207148	1.1510195658094746	1	2
2	17.326489660207148	2.155806371853179	2	-1
0	17.386037414075673	1.8966854704868816	0	1
1	17.386037414075673	1.1514503599232544	1	2
2	17.386037414075673	2.156891091025799	2	-1
0	17.44532418599214	1.896031032360091	0	1
1	17.44532418599214	1.1518834376040157	1	2
2	17.44532418599214	2.1579786068333506	2	-1
0	17.50435071608739	1.8953760920752198	0	1
1	17.50435071608739	1.1523188088836713	1	2
2	17.50435071608739	2.1590689183978773	2	-1
0	17.563117740369364	1.8947206605302296	0	1
1	17.563117740369364	1.1527564837789548	1	2
2	17.563117740369364	2.1601620248381512	2	-1
0	17.621625990499933	1.8940647486139202	0	1
1	17.621625990499933	1.1531964722894772	1	2
2	17.621625990499933	2.161257925264983	2	-1
0	17.679876193388445	1.8934083672108368	0	1
1	17.679876193388445	1.1536387843942713	1	2
2	17.679876193388445	2.1623566187728605	2	-1
0	17.737869073949277	1.8927515271704056	0	1
1	17.737869073949277	1.1540834300725202	1	2
2	17.737869073949277	2.1634581044915406	2	-1
0	17.79560535147227	1.89209423934802	0	1
1	17.79560535147227	1.154530419275814	1	2
2	17.79560535147227	2.1645623815172197	2	-1
0	17.853085742139697	1.8914365145768937	0	1
1	17.853085742139697	1.1549797619470525	1	2
2	17.853085742139697	2.165669448959585	2	-1
0	17.910310958144166	1.890778363678241	0	1
1	17.910310958144166	1.1554314680135116	1	2
2	17.910310958144166	2.1667793059246967	2	-1
0	17.9672817080291	1.8901197974576083	0	1
1	17.9672817080291	1.155885547389285	1	2
2	17.9672817080291	2.167891951521103	2	-1
0	18.023998695779646	1.8894608267156559	0	1
1	18.023998695779646	1.1563420099677735	1	2
2	18.023998695779646	2.1690073848415437	2	-1
0	18.08046262263853	1.8888014622273706	0	1
1	18.08046262263853	1.1568008656359783	1	2
2	18.08046262263853	2.1701256049980335	2	-1
0	18.136674185551946	1.8881417147603021	0	1
1	18.136674185551946	1.1572621242618584	1	2
2	18.136674185551946	2.1712466110909823	2	-1
0	18.19263407774006	1.8874815950682373	0	1
1	18.19263407774006	1.1577257956986249	1	2
2	18.19263407774006	2.172370402219814	2	-1
0	18.248342989210514	1.886821113885362	0	1
1	18.248342989210514	1.158191889788815	1	2
2	18.248342989210514	2.173496977492879	2	-1
0	18.30380160559603	1.8861602819402714	0	1
1	18.30380160559603	1.15866041635438	1	2
2	18.30380160559603	2.1746263360035347	2	-1
0	18.359010610244717	1.8854991099313598	0	1
1	18.359010610244717	1.1591313852140679	1	2
2	18.359010610244717	2.175758476872134	2	-1
0	18.41397068126922	1.8848376085622953	0	1
1	18.41397068126922	1.159604806158201	1	2
2	18.41397068126922	2.1768933991853316	2	-1
0	18.468682494656612	1.8841757885050787	0	1
1	18.468682494656612	1.160080688974932	1	2
2	18.468682494656612	2.178031102059279	2	-1
0	18.52314672178491	1.8835136604301554	0	1
1	18.52314672178491	1.160559043428694	1	2
2	18.52314672178491	2.179171584587965	2	-1
0	18.577364031659656	1.882851234979631	0	1
1	18.577364031659656	1.161039879279436	1	2
2	18.577364031659656	2.180314845889231	2	-1
0	18.631335088721723	1.8821885227941975	0	1
1	18.631335088721723	1.161523206263142	1	2
2	18.631335088721723	2.1814608850583705	2	-1
0	18.685060554716003	1.8815255344906405	0	1
1	18.685060554716003	1.1620090341081002	1	2
2	18.685060554716003	2.1826097012068857	2	-1
0	18.7385410881755	1.8808622806683162	0	1
1	18.7385410881755	1.1624973725302539	1	2
2	18.7385410881755	2.1837612934513637	2	-1
0	18.791777343658858	1.8801987719189124	0	1
1	18.791777343658858	1.162988231225992	1	2
2	18.791777343658858	2.1849156608965057	2	-1
0	18.84476997268288	1.8795350188152216	0	1
1	18.84476997268288	1.1634816198803664	1	2
2	18.84476997268288	2.1860728026545706	2	-1
0	18.89751962412112	1.8788710319063175	0	1
1	18.89751962412112	1.1639775481707586	1	2
2	18.89751962412112	2.1872327178538673	2	-1
0	18.950026942379317	1.8782068217407861	0	1
1	18.950026942379317	1.1644760257495481	1	2
2	18.950026942379317	2.188395405598188	2	-1
0	19.002292569386928	1.8775423988420206	0	1
1	19.002292569386928	1.1649770622625124	1	2
2	19.002292569386928	2.189560865009918	2	-1
0	19.05431714384308	1.8768777737179445	0	1
1	19.05431714384308	1.1654806673416198	1	2
2	19.05431714384308	2.190729095213101	2	-1
0	19.10610130111076	1.8762129568626857	0	1
1	19.10610130111076	1.1659868506037503	1	2
2	19.10610130111076	2.1919000953304906	2	-1
0	19.157645673448858	1.8755479587539348	0	1
1	19.157645673448858	1.1664956216526963	1	2
2	19.157645673448858	2.1930738644881873	2	-1
0	19.208950890031723	1.8748827898529887	0	1
1	19.208950890031723	1.167006990079149	1	2
2	19.208950890031723	2.1942504018155864	2	-1
0	19.260017577217656	1.874217460601548	0	1
1	19.260017577217656	1.1675209654632042	1	2
2	19.260017577217656	2.1954297064510824	2	-1
0	19.310846357905206	1.873551981430395	0	1
1	19.310846357905206	1.1680375573676947	1	2
2	19.310846357905206	2.1966117775267255	2	-1
0	19.361437852218273	1.8728863627508057	0	1
1	19.361437852218273	1.168556775344829	1	2
2	19.361437852218273	2.1977966141834493	2	-1
0	19.411792677114512	1.8722206149599814	0	1
1	19.411792677114512	1.1690786289320148	1	2
2	19.411792677114512	2.1989842155614596	2	-1
0	19.461911446735353	1.8715547484367647	0	1
1	19.461911446735353	1.1696031276552263	1	2
2	19.461911446735353	2.2001745808078876	2	-1
0	19.511794772870083	1.870888773535707	0	1
1	19.511794772870083	1.170130281033785	1	2
2	19.511794772870083	2.201367709087504	2	-1
0	19.56144326331658	1.8702227006092502	0	1
1	19.56144326331658	1.170660098562859	1	2
2	19.56144326331658	2.202563599543035	2	-1
0	19.610857523406704	1.8695565399877996	0	1
1	19.610857523406704	1.1711925897291948	1	2
2	19.610857523406704	2.2037622513308213	2	-1
0	19.6600381557423	1.868890301983506	0	1
1	19.6600381557423	1.1717277640082182	1	2
2	19.6600381557423	2.204963663614138	2	-1
0	19.708985760255775	1.868223996889736	0	1
1	19.708985760255775	1.1722656308645416	1	2
2	19.708985760255775	2.206167835564232	2	-1
0	19.757700934151707	1.8675576349821617	0	1
1	19.757700934151707	1.172806199751171	1	2
2	19.757700934151707	2.207374766358435	2	-1
0	19.806184271143305	1.866891226529599	0	1
1	19.806184271143305	1.1733494801007207	1	2
2	19.806184271143305	2.2085844551605476	2	-1
0	19.854436363015857	1.8662247817729476	0	1
1	19.854436363015857	1.173895481342566	1	2
2	19.854436363015857	2.209796901159044	2	-1
0	19.902457798623658	1.865558310939222	0	1
1	19.902457798623658	1.174444212891545	1	2
2	19.902457798623658	2.211012103541749	2	-1
0	19.950249164228904	1.8648918242372365	0	1
1	19.950249164228904	1.1749956841515414	1	2
2	19.950249164228904	2.212230061503731	2	-1
0	19.99781104294683	1.8642253318657207	0	1
1	19.99781104294683	1.1755499045088103	1	2
2	19.99781104294683	2.2134507742325154	2	-1
0	20.04514401585479	1.8635588439981852	0	1
1	20.04514401585479	1.1761068833445836	1	2
2	20.04514401585479	2.2146742409358247	2	-1
0	20.092248660899635	1.8628923707985752	0	1
1	20.092248660899635	1.176666630022134	1	2
2	20.092248660899635	2.2159004608129846	2	-1
0	20.13912555449163	1.8622259223990951	0	1
1	20.13912555449163	1.1772291539054558	1	2
2	20.13912555449163	2.2171294330957867	2	-1
0	20.18577526946948	1.8615595089293568	0	1
1	20.18577526946948	1.177794464334867	1	2
2	20.18577526946948	2.218361156994936	2	-1
0	20.232198376501298	1.8608931404969362	0	1
1	20.232198376501298	1.1783625706433987	1	2
2	20.232198376501298	2.2195956317358885	2	-1
0	20.278395443955308	1.8602268271894902	0	1
1	20.278395443955308	1.1789334821551671	1	2
2	20.278395443955308	2.220832856555103	2	-1
0	20.32436703740217	1.8595605790822891	0	1
1	20.32436703740217	1.1795072081790159	1	2
2	20.32436703740217	2.2220728306861526	2	-1
0	20.370113720057095	1.8588944062322506	0	1
1	20.370113720057095	1.1800837580136796	1	2
2	20.370113720057095	2.2233155533708553	2	-1
0	20.41563605321221	1.858228318671943	0	1
1	20.41563605321221	1.180663140953131	1	2
2	20.41563605321221	2.224561023870614	2	-1
0	20.46093459526472	1.857562326424114	0	1
1	20.46093459526472	1.1812453662741005	1	2
2	20.46093459526472	2.2258092414394124	2	-1
0	20.506009902340203	1.8568964394930172	0	1
1	20.506009902340203	1.18183044324365	1	2
2	20.506009902340203	2.2270602053400586	2	-1
0	20.55086252857461	1.8562306678605685	0	1
1	20.55086252857461	1.1824183811227067	1	2
2	20.55086252857461	2.2283139148515643	2	-1
0	20.595493025414214	1.8555650214970734	0	1
1	20.595493025414214	1.1830091891567356	1	2
2	20.595493025414214	2.229570369249088	2	-1
0	20.639901941977094	1.8548995103563202	0	1
1	20.639901941977094	1.1836028765801077	1	2
2	20.639901941977094	2.2308295678132133	2	-1
0	20.684089825907815	1.8542341443630859	0	1
1	20.684089825907815	1.184199452627423	1	2
2	20.684089825907815	2.2320915098537633	2	-1
0	20.728057221754725	1.8535689334378558	0	1
1	20.728057221754725	1.1847989265115593	1	2
2	20.728057221754725	2.2333561946631297	2	-1
0	20.771804672683793	1.8529038874714145	0	1
1	20.771804672683793	1.1854013074465612	1	2
2	20.771804672683793	2.2346236215645727	2	-1
0	20.815332718590394	1.8522390163538551	0	1
1	20.815332718590394	1.186006604621571	1	2
2	20.815332718590394	2.235893789857142	2	-1
0	20.85864189839797	1.8515743299400127	0	1
1	20.85864189839797	1.1866148272322738	1	2
2	20.85864189839797	2.237166698881687	2	-1
0	20.901732748252407	1.8509098380773448	0	1
1	20.901732748252407	1.1872259844557322	1	2
2	20.901732748252407	2.2384423479678137	2	-1
0	20.9446058025054	1.8502455505913011	0	1
1	20.9446058025054	1.187840085463843	1	2
2	20.9446058025054	2.239720736461968	2	-1
0	20.98726159298183	1.8495814772970494	0	1
1	20.98726159298183	1.188457139412653	1	2
2	20.98726159298183	2.2410018637050295	2	-1
0	21.0297006499848	1.8489176279842914	0	1
1	21.0297006499848	1.1890771554565427	1	2
2	21.0297006499848	2.2422857290616776	2	-1
0	21.07192350184054	1.8482540124246485	0	1
1	21.07192350184054	1.1897001427416072	1	2
2	21.07192350184054	2.2435723319063845	2	-1
0	21.113930674659994	1.8475906403758293	0	1
1	21.113930674659994	1.1903261104018705	1	2
2	21.113930674659994	2.2448616716154675	2	-1
0	21.15572269268276	1.846927521576656	0	1
1	21.15572269268276	1.1909550675640768	1	2
2	21.15572269268276	2.2461537475768467	2	-1
0	21.19730007804126	1.846264665751212	0	1
1	21.19730007804126	1.1915870233439079	1	2
2	21.19730007804126	2.247448559182122	2	-1
0	21.238663351402536	1.845602082599017	0	1
1	21.238663351402536	1.1922219868555097	1	2
2	21.238663351402536	2.248746105845919	2	-1
0	21.279813030996053	1.8449397818109583	0	1
1	21.279813030996053	1.1928599671964348	1	2
2	21.279813030996053	2.2500463869749026	2	-1
0	21.320749633721796	1.8442777730519608	0	1
1	21.320749633721796	1.1935009734644075	1	2
2	21.320749633721796	2.251349402001873	2	-1
0	21.36147367392395	1.843616065981177	0	1
1	21.36147367392395	1.1941450147379946	1	2
2	21.36147367392395	2.2526551503462433	2	-1
0	21.401985665082456	1.8429546702250084	0	1
1	21.401985665082456	1.1947921001029376	1	2
2	21.401985665082456	2.2539636314673555	2	-1
0	21.442286118331133	1.8422935954015298	0	1
1	21.442286118331133	1.1954422386286276	1	2
2	21.442286118331133	2.255274844816524	2	-1
0	21.48237554325377	1.8416328511079847	0	1
1	21.48237554325377	1.1960954393804366	1	2
2	21.48237554325377	2.256588789861878	2	-1
0	21.52225444737004	1.8409724469296669	0	1
1	21.52225444737004	1.196751711411131	1	2
2	21.52225444737004	2.2579054660708904	2	-1
0	21.561923336759378	1.8403123924300775	0	1
1	21.561923336759378	1.1974110637707644	1	2
2	21.561923336759378	2.259224872930113	2	-1
0	21.601382715999257	1.8396526971522875	0	1
1	21.601382715999257	1.198073505505599	1	2
2	21.601382715999257	2.2605470099427376	2	-1
0	21.64063308753477	1.838993370629917	0	1
1	21.64063308753477	1.1987390456472573	1	2
2	21.64063308753477	2.2618718766067665	2	-1
0	21.679674952613553	1.838334422371946	0	1
1	21.679674952613553	1.1994076932281525	1	2
2	21.679674952613553	2.2631994724456326	2	-1
0	21.718508810783682	1.837675861871515	0	1
1	21.718508810783682	1.2000794572728708	1	2
2	21.718508810783682	2.264529796990782	2	-1
0	21.75713515965604	1.8370176986104623	0	1
1	21.75713515965604	1.2007543467936568	1	2
2	21.75713515965604	2.2658628497726205	2	-1
0	21.795554496041458	1.8363599420403987	0	1
1	21.795554496041458	1.2014323708100099	1	2
2	21.795554496041458	2.267198630359037	2	-1
0	21.833767314401005	1.8357026016095654	0	1
1	21.833767314401005	1.2021135383213255	1	2
2	21.833767314401005	2.268537138301186	2	-1
0	21.871774107951563	1.8350456867444633	0	1
1	21.871774107951563	1.2027978583259082	1	2
2	21.871774107951563	2.269878373170871	2	-1
0	21.909575368795398	1.834389206847939	0	1
1	21.909575368795398	1.2034853398233052	1	2
2	21.909575368795398	2.271222334564792	2	-1
0	21.94717158698352	1.8337331713158684	0	1
1	21.94717158698352	1.2041759917970847	1	2
2	21.94717158698352	2.272569022070642	2	-1
0	21.984563251752057	1.833077589516128	0	1
1	21.984563251752057	1.2048698232370747	1	2
2	21.984563251752057	2.2739184353103727	2	-1
0	22.021750850261178	1.8324224708110617	0	1
1	22.021750850261178	1.2055668431159137	1	2
2	22.021750850261178	2.2752705738942782	2	-1
0	22.058734868492365	1.8317678245423004	0	1
1	22.058734868492365	1.206267060405223	1	2
2	22.058734868492365	2.2766254374523487	2	-1
0	22.095515791527884	1.8311136600261526	0	1
1	22.095515791527884	1.2069704840808932	1	2
2	22.095515791527884	2.2779830256441667	2	-1
0	22.132094102611674	1.8304599865706954	0	1
1	22.132094102611674	1.2076771231050225	1	2
2	22.132094102611674	2.2793433381237533	2	-1
0	22.16847028391317	1.8298068134627048	0	1
1	22.16847028391317	1.2083869864401313	1	2
2	22.16847028391317	2.2807063745668525	2	-1
0	22.204644815751287	1.8291541499820554	0	1
1	22.204644815751287	1.2091000830337393	1	2
2	22.204644815751287	2.2820721346411097	2	-1
0	22.240618178108694	1.8285020053749172	0	1
1	22.240618178108694	1.2098164218478253	1	2
2	22.240618178108694	2.2834406180623343	2	-1
0	22.276390849214753	1.8278503888796993	0	1
1	22.276390849214753	1.210536011830829	1	2
2	22.276390849214753	2.2848118245405558	2	-1
0	22.31196330560641	1.8271993097266297	0	1
1	22.31196330560641	1.211258861918088	1	2
2	22.31196330560641	2.286185753780884	2	-1
0	22.347336023446342	1.8265487771141422	0	1
1	22.347336023446342	1.2119849810582486	1	2
2	22.347336023446342	2.2875624055335324	2	-1
0	22.38250947724808	1.8258988002326109	0	1
1	22.38250947724808	1.2127143781872536	1	2
2	22.38250947724808	2.2889417795440687	2	-1
0	22.41748414044656	1.8252493882544243	0	1
1	22.41748414044656	1.2134470622395568	1	2
2	22.41748414044656	2.2903238755745585	2	-1
0	22.45226048536414	1.8246005503350762	0	1
1	22.45226048536414	1.2141830421471718	1	2
2	22.45226048536414	2.291708693401522	2	-1
0	22.486838983430317	1.8239522956095193	0	1
1	22.486838983430317	1.2149223268441038	1	2
2	22.486838983430317	2.2930962328240105	2	-1
0	22.52122010448038	1.8233046332058052	0	1
1	22.52122010448038	1.2156649252510454	1	2
2	22.52122010448038	2.2944864936346665	2	-1
0	22.55540431781465	1.8226575722257135	0	1
1	22.55540431781465	1.2164108462977299	1	2
2	22.55540431781465	2.2958794756614425	2	-1
0	22.589392091252893	1.82201112176304	0	1
1	22.589392091252893	1.2171600989022444	1	2
2	22.589392091252893	2.2972751787286305	2	-1
0	22.623183891799858	1.8213652908915505	0	1
1	22.623183891799858	1.2179126919851073	1	2
2	22.623183891799858	2.2986736026829826	2	-1
0	22.656780185452295	1.8207200886691093	0	1
1	22.656780185452295	1.218668634464801	1	2
2	22.656780185452295	2.3000747473851177	2	-1
0	22.690181437309633	1.8200755241360522	0	1
1	22.690181437309633	1.2194279352599526	1	2
2	22.690181437309633	2.3014786127133267	2	-1
0	22.723388111414927	1.8194316063187566	0	1
1	22.723388111414927	1.2201906032854126	1	2
2	22.723388111414927	2.302885198556082	2	-1
0	22.756400670841778	1.8187883442285073	0	1
1	22.756400670841778	1.220956647453813	1	2
2	22.756400670841778	2.3042945048147314	2	-1
0	22.789219577727344	1.818145746861388	0	1
1	22.789219577727344	1.221726076675946	1	2
2	22.789219577727344	2.3057065314039837	2	-1
0	22.821845293648224	1.8175038231914045	0	1
1	22.821845293648224	1.2224988998693225	1	2
2	22.821845293648224	2.307121278267344	2	-1
0	22.85427827870437	1.8168625821890114	0	1
1	22.85427827870437	1.223275125936171	1	2
2	22.85427827870437	2.3085387453365858	2	-1
0	22.88651899297305	1.8162220327929808	0	1
1	22.88651899297305	1.2240547637976529	1	2
2	22.88651899297305	2.309958932594098	2	-1
0	22.918567895025166	1.815582183940232	0	1
1	22.918567895025166	1.2248378223580754	1	2
2	22.918567895025166	2.3113818400072694	2	-1
0	22.950425443083184	1.8149430445434158	0	1
1	22.950425443083184	1.225624310532384	1	2
2	22.950425443083184	2.312807467578394	2	-1
0	22.98209209412808	1.814304623509284	0	1
1	22.98209209412808	1.2264142372239593	1	2
2	22.98209209412808	2.314235815304101	2	-1
0	23.013568304837396	1.8136669297204118	0	1
1	23.013568304837396	1.2272076113473889	1	2
2	23.013568304837396	2.315666883216403	2	-1
0	23.044854530932188	1.8130299720488523	0	1
1	23.044854530932188	1.2280044418119433	1	2
2	23.044854530932188	2.317100671352517	2	-1
0	23.075951227623765	1.8123937593476376	0	1
1	23.075951227623765	1.2288047375324336	1	2
2	23.075951227623765	2.3185371797742222	2	-1
0	23.1068588490267	1.811758300463332	0	1
1	23.1068588490267	1.2296085074137282	1	2
2	23.1068588490267	2.3199764085398225	2	-1
0	23.137577849102414	1.8111236042172556	0	1
1	23.137577849102414	1.230415760374707	1	2
2	23.137577849102414	2.3214183577468774	2	-1
0	23.16810868082794	1.8104896794230896	0	1
1	23.16810868082794	1.2312265053263551	1	2
2	23.16810868082794	2.3228630274926916	2	-1
0	23.198451796884072	1.8098565348732227	0	1
1	23.198451796884072	1.2320407511894254	1	2
2	23.198451796884072	2.3243104179056284	2	-1
0	23.228607648889884	1.8092241793552475	0	1
1	23.228607648889884	1.2328585068735975	1	2
2	23.228607648889884	2.325760529107776	2	-1
0	23.258576688257055	1.8085926216347272	0	1
1	23.258576688257055	1.2336797812999123	1	2
2	23.258576688257055	2.327213361254611	2	-1
0	23.288359365795284	1.8079618704639608	0	1
1	23.288359365795284	1.2345045833898685	1	2
2	23.288359365795284	2.3286689145153336	2	-1
0	23.31795613168957	1.807331934583076	0	1
1	23.31795613168957	1.2353329220642633	1	2
2	23.31795613168957	2.330127189070613	2	-1
0	23.34736743574073	1.8067028227155084	0	1
1	23.34736743574073	1.2361648062494321	1	2
2	23.34736743574073	2.33158818512335	2	-1
0	23.37659372715283	1.8060745435731076	0	1
1	23.37659372715283	1.2370002448708624	1	2
2	23.37659372715283	2.333051902887181	2	-1
0	23.40563545475035	1.805447105852089	0	1
1	23.40563545475035	1.2378392468588568	1	2
2	23.40563545475035	2.334518342596194	2	-1
0	23.434493066888155	1.8048205182355472	0	1
1	23.434493066888155	1.2386818211455424	1	2
2	23.434493066888155	2.335987504499421	2	-1
0	23.463167011527933	1.8041947893924053	0	1
1	23.463167011527933	1.2395279766666034	1	2
2	23.463167011527933	2.3374593888636244	2	-1
0	23.49165773624528	1.8035699279778514	0	1
1	23.49165773624528	1.2403777223610413	1	2
2	23.49165773624528	2.338933995972616	2	-1
0	23.519965688124536	1.802945942636272	0	1
1	23.519965688124536	1.2412310671674995	1	2
2	23.519965688124536	2.3404113261206536	2	-1
0	23.548091314066674	1.8023228419950958	0	1
1	23.548091314066674	1.2420880200329942	1	2
2	23.548091314066674	2.341891379627324	2	-1
0	23.57603506057175	1.8017006346701798	0	1
1	23.57603506057175	1.2429485899059323	1	2
2	23.57603506057175	2.3433741568251785	2	-1
0	23.603797373776285	1.8010793292656377	0	1
1	23.603797373776285	1.2438127857366355	1	2
2	23.603797373776285	2.3448596580604235	2	-1
0	23.631378699735702	1.800458934368136	0	1
1	23.631378699735702	1.2446806164856423	1	2
2	23.631378699735702	2.3463478837069323	2	-1
0	23.658779484037954	1.7998394585561728	0	1
1	23.658779484037954	1.2455520911111524	1	2
2	23.658779484037954	2.3478388341444054	2	-1
0	23.686000172111036	1.7992209103938321	0	1
1	23.686000172111036	1.2464272185780603	1	2
2	23.686000172111036	2.3493325097736544	2	-1
0	23.71304120926139	1.798603298430508	0	1
1	23.71304120926139	1.2473060078587834	1	2
2	23.71304120926139	2.350828911017701	2	-1
0	23.73990304043215	1.7979866312070647	0	1
1	23.73990304043215	1.2481884679248714	1	2
2	23.73990304043215	2.352328038307233	2	-1
0	23.766586110443896	1.7973709172510255	0	1
1	23.766586110443896	1.2490746077541632	1	2
2	23.766586110443896	2.3538298920925635	2	-1
0	23.79309086399506	1.7967561650771986	0	1
1	23.79309086399506	1.2499644363302924	1	2
2	23.79309086399506	2.35533447284252	2	-1
0	23.819417745812725	1.7961423831848065	0	1
1	23.819417745812725	1.25085796264728	1	2
2	23.819417745812725	2.3568417810519	2	-1
0	23.845567200274758	1.7955295800669449	0	1
1	23.845567200274758	1.2517551956961737	1	2
2	23.845567200274758	2.358351817218655	2	-1
0	23.87153967173626	1.7949177642037035	0	1
1	23.87153967173626	1.2526561444753526	1	2
2	23.87153967173626	2.359864581861075	2	-1
0	23.897335604598393	1.7943069440611843	0	1
1	23.897335604598393	1.2535608179924251	1	2
2	23.897335604598393	2.3613800755206666	2	-1
0	23.922955443150496	1.7936971280958978	0	1
1	23.922955443150496	1.2544692252581582	1	2
2	23.922955443150496	2.3628982987516864	2	-1
0	23.94839963172681	1.793088324751751	0	1
1	23.94839963172681	1.2553813752913194	1	2
2	23.94839963172681	2.3644192521289944	2	-1
0	23.97366861461642	1.7924805424628887	0	1
1	23.97366861461642	1.2562972771148422	1	2
2	23.97366861461642	2.3659429362413795	2	-1
0	23.998762836099733	1.7918737896535564	0	1
1	23.998762836099733	1.2572169397563786	1	2
2	23.998762836099733	2.367469351692248	2	-1
0	24.0236827406263	1.7912680747345129	0	1
1	24.0236827406263	1.2581403722541482	1	2
2	24.0236827406263	2.3689984991090616	2	-1
0	24.048428772631002	1.7906634061081868	0	1
1	24.048428772631002	1.2590675836495384	1	2
2	24.048428772631002	2.370530379130778	2	-1
0	24.07300137671448	1.790059792165026	0	1
1	24.07300137671448	1.2599985829930669	1	2
2	24.07300137671448	2.372064992417467	2	-1
0	24.097400997545336	1.789457241286619	0	1
1	24.097400997545336	1.2609333793400184	1	2
2	24.097400997545336	2.3736023396428254	2	-1
0	24.121628080060212	1.7888557618414966	0	1
1	24.121628080060212	1.2618719817573738	1	2
2	24.121628080060212	2.375142421505303	2	-1
0	24.14568306911844	1.7882553621944521	0	1
1	24.14568306911844	1.2628143993097072	1	2
2	24.14568306911844	2.376685238704681	2	-1
0	24.169566410034623	1.7876560506940689	0	1
1	24.169566410034623	1.263760641079088	1	2
2	24.169566410034623	2.3782307919744454	2	-1
0	24.19327854804772	1.7870578356867446	0	1
1	24.19327854804772	1.2647107161434816	1	2
2	24.19327854804772	2.3797790820461633	2	-1
0	24.216819929002487	1.7864607255003386	0	1
1	24.216819929002487	1.2656646336030533	1	2
2	24.216819929002487	2.381330109692141	2	-1
0	24.240190998658345	1.7858647284623814	0	1
1	24.240190998658345	1.266622402551703	1	2
2	24.240190998658345	2.382883875678748	2	-1
0	24.263392203329442	1.7852698528846538	0	1
1	24.263392203329442	1.2675840321021061	1	2
2	24.263392203329442	2.3844403808068786	2	-1
0	24.28642398948771	1.7846761070740662	0	1
1	24.28642398948771	1.268549531368757	1	2
2	24.28642398948771	2.3859996258841165	2	-1
0	24.309286803805144	1.7840834993324781	0	1
1	24.309286803805144	1.2695189094685446	1	2
2	24.309286803805144	2.3875616117254923	2	-1
0	24.331981093707217	1.7834920379431531	0	1
1	24.331981093707217	1.270492175543413	1	2
2	24.331981093707217	2.389126339189686	2	-1
0	24.35450730662574	1.7829017311909394	0	1
1	24.35450730662574	1.2714693387278375	1	2
2	24.35450730662574	2.390693809126324	2	-1
0	24.376865890465915	1.7823125873510384	0	1
1	24.376865890465915	1.272450408167592	1	2
2	24.376865890465915	2.3922640224059797	2	-1
0	24.399057293685285	1.7817246146877073	0	1
1	24.399057293685285	1.2734353930225069	1	2
2	24.399057293685285	2.3938369799242256	2	-1
0	24.421081965037164	1.7811378214618843	0	1
1	24.421081965037164	1.274424302454245	1	2
2	24.421081965037164	2.395412682581787	2	-1
0	24.442940353852443	1.7805522159246017	0	1
1	24.442940353852443	1.275417145637799	1	2
2	24.442940353852443	2.3969911313026233	2	-1
0	24.464632909913927	1.779967806321187	0	1
1	24.464632909913927	1.2764139317549554	1	2
2	24.464632909913927	2.3985723270231945	2	-1
0	24.486160083476555	1.7793846008916396	0	1
1	24.486160083476555	1.2774146699941016	1	2
2	24.486160083476555	2.400156270691888	2	-1
0	24.50752232547834	1.7788026078658106	0	1
1	24.50752232547834	1.278419369559029	1	2
2	24.50752232547834	2.4017429632826444	2	-1
0	24.52872008718593	1.77822183547395	0	1
1	24.52872008718593	1.2794280396512865	1	2
2	24.52872008718593	2.403332405766762	2	-1
0	24.5497538206659	1.7776422919347987	0	1
1	24.5497538206659	1.2804406894912483	1	2
2	24.5497538206659	2.4049245991458754	2	-1
0	24.570623978472135	1.777063985465053	0	1
1	24.570623978472135	1.2814573283022694	1	2
2	24.570623978472135	2.4065195444266427	2	-1
0	24.591331013829617	1.7764869242752828	0	1
1	24.591331013829617	1.2824779653182943	1	2
2	24.591331013829617	2.4081172426324375	2	-1
0	24.611875380699253	1.7759111165690507	0	1
1	24.611875380699253	1.2835026097860376	1	2
2	24.611875380699253	2.409717694806413	2	-1
0	24.632257533549854	1.7753365705502786	0	1
1	24.632257533549854	1.2845312709524364	1	2
2	24.632257533549854	2.4113209019915836	2	-1
0	24.652477927773866	1.774763294412566	0	1
1	24.652477927773866	1.2855639580842548	1	2
2	24.652477927773866	2.412926865261115	2	-1
0	24.67253701935162	1.7741912963496247	0	1
1	24.67253701935162	1.2866006804500303	1	2
2	24.67253701935162	2.4145355856898316	2	-1
0	24.692435265026145	1.7736205845513933	0	1
1	24.692435265026145	1.2876414473275473	1	2
2	24.692435265026145	2.41614706436558	2	-1
0	24.712173122364113	1.7730511672033078	0	1
1	24.712173122364113	1.2886862680057896	1	2
2	24.712173122364113	2.417761302391908	2	-1
0	24.731751049739675	1.772483052487791	0	1
1	24.731751049739675	1.2897351517828644	1	2
2	24.731751049739675	2.4193783008844996	2	-1
0	24.75116950627607	1.7719162485870283	0	1
1	24.75116950627607	1.290788107961453	1	2
2	24.75116950627607	2.4209980609638504	2	-1
0	24.77042895205528	1.7713507636779497	0	1
1	24.77042895205528	1.2918451458587166	1	2
2	24.77042895205528	2.422620583770193	2	-1
0	24.789529848002193	1.7707866059366724	0	1
1	24.789529848002193	1.292906274798731	1	2
2	24.789529848002193	2.4242458704514847	2	-1
0	24.808472655928853	1.770223783538333	0	1
1	24.808472655928853	1.2939715041134012	1	2
2	24.808472655928853	2.4258739221644943	2	-1
0	24.827257838565853	1.7696623046572975	0	1
1	24.827257838565853	1.2950408431426934	1	2
2	24.827257838565853	2.4275047400748218	2	-1
0	24.84588585968574	1.7691021774646027	0	1
1	24.84588585968574	1.2961143012402134	1	2
2	24.84588585968574	2.4291383253650367	2	-1
0	24.864357183915413	1.7685434101347417	0	1
1	24.864357183915413	1.2971918877609288	1	2
2	24.864357183915413	2.430774679215613	2	-1
0	24.882672277028714	1.7679860108380363	0	1
1	24.882672277028714	1.2982736120764942	1	2
2	24.882672277028714	2.432413802827884	2	-1
0	24.900831605607237	1.7674299877521333	0	1
1	24.900831605607237	1.299359483553708	1	2
2	24.900831605607237	2.434055697391001	2	-1
0	24.918835637611156	1.7668753490458036	0	1
1	24.918835637611156	1.3004495115867674	1	2
2	24.918835637611156	2.4357003641303896	2	-1
0	24.936684841775705	1.7663221028986518	0	1
1	24.936684841775705	1.301543705559523	1	2
2	24.936684841775705	2.437347804250297	2	-1
0	24.954379688125545	1.7657702574865868	0	1
1	24.954379688125545	1.3026420748746612	1	2
2	24.954379688125545	2.4389980189775002	2	-1
0	24.971920647785485	1.7652198209888987	0	1
1	24.971920647785485	1.3037446289406165	1	2
2	24.971920647785485	2.440651009541144	2	-1
0	24.989308193053596	1.764670801587288	0	1
1	24.989308193053596	1.3048513771742627	1	2
2	24.989308193053596	2.442306777176401	2	-1
0	25.006542797269567	1.7641232074713848	0	1
1	25.006542797269567	1.3059623289905216	1	2
2	25.006542797269567	2.4439653231085625	2	-1
0	25.02362493519765	1.76357704682797	0	1
1	25.02362493519765	1.3070774938249707	1	2
2	25.02362493519765	2.4456266485864266	2	-1
0	25.040555082762843	1.7630323278506608	0	1
1	25.040555082762843	1.3081968811151639	1	2
2	25.040555082762843	2.4472907548539293	2	-1
0	25.05733371707118	1.7624890587407394	0	1
1	25.05733371707118	1.309320500299619	1	2
2	25.05733371707118	2.4489576431483058	2	-1
0	25.07396131664609	1.7619472477009457	0	1
1	25.07396131664609	1.3104483608314828	1	2
2	25.07396131664609	2.450627314719963	2	-1
0	25.090438361265186	1.7614069029421775	0	1
1	25.090438361265186	1.311580472165626	1	2
2	25.090438361265186	2.4522997708128744	2	-1
0	25.10676533210864	1.7608680326801303	0	1
1	25.10676533210864	1.312716843766538	1	2
2	25.10676533210864	2.4539750126758335	2	-1
0	25.1229427116225	1.7603306451413068	0	1
1	25.1229427116225	1.3138574850966078	1	2
2	25.1229427116225	2.455653041544727	2	-1
0	25.1389709838147	1.759794748554744	0	1
1	25.1389709838147	1.3150024056345835	1	2
2	25.1389709838147	2.4573338586692657	2	-1
0	25.154850633948527	1.7592603511637592	0	1
1	25.154850633948527	1.316151614851599	1	2
2	25.154850633948527	2.459017465277266	2	-1
0	25.1705821489444	1.758727461214084	0	1
1	25.1705821489444	1.3173051222375576	1	2
2	25.1705821489444	2.4607038626129	2	-1
0	25.186166016974692	1.7581960869691344	0	1
1	25.186166016974692	1.3184629372692818	1	2
2	25.186166016974692	2.462393051889573	2	-1
0	25.201602727955176	1.7576662366950089	0	1
1	25.201602727955176	1.3196250694440343	1	2
2	25.201602727955176	2.4640850343384515	2	-1
0	25.216892773204037	1.7571379186737408	0	1
1	25.216892773204037	1.3207915282518303	1	2
2	25.216892773204037	2.4657798111675153	2	-1
0	25.232036645640708	1.7566111411982455	0	1
1	25.232036645640708	1.3219623231874964	1	2
2	25.232036645640708	2.467477383578677	2	-1
0	25.24703483979031	1.7560859125738875	0	1
1	25.24703483979031	1.3231374637483897	1	2
2	25.24703483979031	2.4691777527639283	2	-1
0	25.261887851817445	1.7555622411190734	0	1
1	25.261887851817445	1.3243169594342714	1	2
2	25.261887851817445	2.4708809199046238	2	-1
0	25.276596179517664	1.7550401351673726	0	1
1	25.276596179517664	1.32550081974374	1	2
2	25.276596179517664	2.4725868861657934	2	-1
0	25.291160322419667	1.7545196030657504	0	1
1	25.291160322419667	1.3266890541794636	1	2
2	25.291160322419667	2.4742956527031392	2	-1
0	25.305580781716944	1.7540006531788863	0	1
1	25.305580781716944	1.327881672239652	1	2
2	25.305580781716944	2.476007220650192	2	-1
0	25.319858060401934	1.753483293886303	0	1
1	25.319858060401934	1.3290786834259074	1	2
2	25.319858060401934	2.4777215911290305	2	-1
0	25.33399266317559	1.7529675335875956	0	1
1	25.33399266317559	1.3302800972325208	1	2
2	25.33399266317559	2.479438765234351	2	-1
0	25.34798509662352	1.7524533806980485	0	1
1	25.34798509662352	1.3314859231580032	1	2
2	25.34798509662352	2.481158744049381	2	-1
0	25.36183586910425	1.751940843654751	0	1
1	25.36183586910425	1.3326961706922684	1	2
2	25.36183586910425	2.4828815286269434	2	-1
0	25.375545490867484	1.7514299309143693	0	1
1	25.375545490867484	1.3339108493232548	1	2
2	25.375545490867484	2.4846071199983113	2	-1
0	25.389114474076493	1.750920650954427	0	1
1	25.389114474076493	1.3351299685354483	1	2
2	25.389114474076493	2.4863355191704475	2	-1
0	25.402543332793854	1.7504130122760284	0	1
1	25.402543332793854	1.3363535378049247	1	2
2	25.402543332793854	2.4880667271183223	2	-1
0	25.415832583048882	1.7499070234035703	0	1
1	25.415832583048882	1.3375815666015796	1	2
2	25.415832583048882	2.4898007447874355	2	-1
0	25.428982742856842	1.7494026928862925	0	1
1	25.428982742856842	1.3388140643870152	1	2
2	25.428982742856842	2.491537573090149	2	-1
0	25.44199433228587	1.7489000292980394	0	1
1	25.44199433228587	1.3400510406168276	1	2
2	25.44199433228587	2.493277212908214	2	-1
0	25.454867873436218	1.7483990412404293	0	1
1	25.454867873436218	1.3412925047345938	1	2
2	25.454867873436218	2.4950196650835905	2	-1
0	25.4676038904284	1.747899737345805	0	1
1	25.4676038904284	1.3425384661662243	1	2
2	25.4676038904284	2.4967649304098454	2	-1
0	25.480202909659194	1.7474021262696915	0	1
1	25.480202909659194	1.343788934340625	1	2
2	25.480202909659194	2.4985130096603596	2	-1
0	25.492665459509507	1.746906216704797	0	1
1	25.492665459509507	1.3450439186566125	1	2
2	25.492665459509507	2.5002639035412413	2	-1
0	25.504992070612612	1.746412017373089	0	1
1	25.504992070612612	1.3463034285045754	1	2
2	25.504992070612612	2.502017612720912	2	-1
0	25.517183275875144	1.7459195370275222	0	1
1	25.517183275875144	1.3475674732642968	1	2
2	25.517183275875144	2.5037741378262006	2	-1
0	25.529239610343364	1.7454287844601595	0	1
1	25.529239610343364	1.3488360622862	1	2
2	25.529239610343364	2.5055334794154667	2	-1
0	25.54116161140592	1.7449397684968	0	1
1	25.54116161140592	1.3501092049071297	1	2
2	25.54116161140592	2.5072956379997557	2	-1
0	25.55294981873343	1.7444524980022649	0	1
1	25.55294981873343	1.351386910438882	1	2
2	25.55294981873343	2.509060614026043	2	-1
0	25.56460477440536	1.743966981878085	0	1
1	25.56460477440536	1.3526691881764799	1	2
2	25.56460477440536	2.510828407887821	2	-1
0	25.57612702283878	1.7434832290684157	0	1
1	25.57612702283878	1.3539560473849583	1	2
2	25.57612702283878	2.5125990199059687	2	-1
0	25.587517110865413	1.7430012485599167	0	1
1	25.587517110865413	1.3552474973019173	1	2
2	25.587517110865413	2.5143724503314266	2	-1
0	25.59877558779612	1.7425210493821481	0	1
1	25.59877558779612	1.3565435471389087	1	2
2	25.59877558779612	2.5161486993461866	2	-1
0	25.609903005403627	1.7420426406114964	0	1
1	25.609903005403627	1.3578442060733806	1	2
2	25.609903005403627	2.5179277670513103	2	-1
0	25.620899918002937	1.7415660313710215	0	1
1	25.620899918002937	1.359149483251608	1	2
2	25.620899918002937	2.5197096534700125	2	-1
0	25.63176688242584	1.7410912308349216	0	1
1	25.63176688242584	1.3604593877791031	1	2
2	25.63176688242584	2.5214943585336074	2	-1
0	25.642504458176507	1.7406182482251866	0	1
1	25.642504458176507	1.3617739287325272	1	2
2	25.642504458176507	2.5232818820967666	2	-1
0	25.65311320731263	1.7401470928203018	0	1
1	25.65311320731263	1.3630931151384225	1	2
2	25.65311320731263	2.525072223907547	2	-1
0	25.66359369462502	1.7396777739509406	0	1
1	25.66359369462502	1.3644169559879713	1	2
2	25.66359369462502	2.5268653836264567	2	-1
0	25.67394648751594	1.7392103010090765	0	1
1	25.67394648751594	1.3657454602143093	1	2
2	25.67394648751594	2.5286613607946586	2	-1
0	25.684172156225884	1.7387446834415918	0	1
1	25.684172156225884	1.3670786367135208	1	2
2	25.684172156225884	2.530460154861355	2	-1
0	25.694271273708484	1.7382809307597604	0	1
1	25.694271273708484	1.3684164943208037	1	2
2	25.694271273708484	2.5322617651504693	2	-1
0	25.704244415767846	1.7378190525369774	0	1
1	25.704244415767846	1.36975904182	1	2
2	25.704244415767846	2.5340661908724487	2	-1
0	25.71409216102135	1.7373590584145278	0	1
1	25.71409216102135	1.3711062879301235	1	2
2	25.71409216102135	2.5358734311050215	2	-1
0	25.723815091014444	1.736900958100426	0	1
1	25.723815091014444	1.3724582413119755	1	2
2	25.723815091014444	2.5376834848009757	2	-1
0	25.7334137902351	1.7364447613729455	0	1
1	25.7334137902351	1.3738149105612663	1	2
2	25.7334137902351	2.5394963507777466	2	-1
0	25.742888846065714	1.735990478087308	0	1
1	25.742888846065714	1.3751763041921063	1	2
2	25.742888846065714	2.5413120276942243	2	-1
0	25.75224084897856	1.7355381181708531	0	1
1	25.75224084897856	1.3765424306548693	1	2
2	25.75224084897856	2.543130514073442	2	-1
0	25.76147039242788	1.7350876916327715	0	1
1	25.76147039242788	1.3779132983106026	1	2
2	25.76147039242788	2.544951808267257	2	-1
0	25.770578073012437	1.7346392085609417	0	1
1	25.770578073012437	1.3792889154441776	1	2
2	25.770578073012437	2.546775908472662	2	-1
0	25.77956449040182	1.7341926791303308	0	1
1	25.77956449040182	1.3806692902423983	1	2
2	25.77956449040182	2.5486028127014935	2	-1
0	25.788430247490137	1.7337481136003516	0	1
1	25.788430247490137	1.382054430805854	1	2
2	25.788430247490137	2.550432518794928	2	-1
0	25.797175950334786	1.7333055223229388	0	1
1	25.797175950334786	1.38344434512779	1	2
2	25.797175950334786	2.552265024394277	2	-1
0	25.805802208269412	1.7328649157420786	0	1
1	25.805802208269412	1.3848390410993807	1	2
2	25.805802208269412	2.554100326946728	2	-1
0	25.814309633884587	1.7324263044000963	0	1
1	25.814309633884587	1.3862385264938686	1	2
2	25.814309633884587	2.5559384236831986	2	-1
0	25.82269884317612	1.7319896989354675	0	1
1	25.82269884317612	1.387642808977582	1	2
2	25.82269884317612	2.5577793116315406	2	-1
0	25.830970455401594	1.7315551100958317	0	1
1	25.830970455401594	1.3890518960722738	1	2
2	25.830970455401594	2.559622987565868	2	-1
0	25.839125093358	1.7311225487292383	0	1
1	25.839125093358	1.39046579518735	1	2
2	25.839125093358	2.5614694480475375	2	-1
0	25.84716338320455	1.730692025799273	0	1
1	25.84716338320455	1.391884513574962	1	2
2	25.84716338320455	2.563318689365115	2	-1
0	25.855085954685883	1.730263552379231	0	1
1	25.855085954685883	1.3933080583530868	1	2
2	25.855085954685883	2.565170707563282	2	-1
0	25.86289344102784	1.729837139663819	0	1
1	25.86289344102784	1.394736436471105	1	2
2	25.86289344102784	2.567025498396712	2	-1
0	25.870586479080327	1.7294127989677648	0	1
1	25.870586479080327	1.3961696547183908	1	2
2	25.870586479080327	2.5688830573400523	2	-1
0	25.87816570933215	1.7289905417314066	0	1
1	25.87816570933215	1.3976077197097938	1	2
2	25.87816570933215	2.5707433795678134	2	-1
0	25.885631775937473	1.728570379525857	0	1
1	25.885631775937473	1.399050637872198	1	2
2	25.885631775937473	2.572606459935767	2	-1
0	25.892985326810802	1.72815232405445	0	1
1	25.892985326810802	1.400498415443671	1	2
2	25.892985326810802	2.574472292978647	2	-1
0	25.900227013599153	1.7277363871612497	0	1
1	25.900227013599153	1.4019510584481734	1	2
2	25.900227013599153	2.57634087287635	2	-1
0	25.907357491787113	1.7273225808322057	0	1
1	25.907357491787113	1.4034085726953316	1	2
2	25.907357491787113	2.578212193452552	2	-1
0	25.914377420710696	1.7269109172016248	0	1
1	25.914377420710696	1.4048709637616308	1	2
2	25.914377420710696	2.5800862481494318	2	-1
0	25.921287463644656	1.726501408554531	0	1
1	25.921287463644656	1.4063382369857984	1	2
2	25.921287463644656	2.5819630300206935	2	-1
0	25.92808828782526	1.7260940673329146	0	1
1	25.92808828782526	1.4078103974502365	1	2
2	25.92808828782526	2.583842531706748	2	-1
0	25.934780564446488	1.7256889061438423	0	1
1	25.934780564446488	1.4092874499550643	1	2
2	25.934780564446488	2.5857247454006482	2	-1
0	25.941364968806635	1.7252859377586738	0	1
1	25.941364968806635	1.4107693990240497	1	2
2	25.941364968806635	2.5876096628548018	2	-1
0	25.94784218029066	1.7248851751222694	0	1
1	25.94784218029066	1.4122562488740573	1	2
2	25.94784218029066	2.589497275341214	2	-1
0	25.954212882441606	1.7244866313570175	0	1
1	25.954212882441606	1.4137480034027563	1	2
2	25.954212882441606	2.591387573635165	2	-1
0	25.96047776300198	1.724090319768849	0	1
1	25.96047776300198	1.415244666168574	1	2
2	25.96047776300198	2.593280547989151	2	-1
0	25.96663751395275	1.7236962538536045	0	1
1	25.96663751395275	1.4167462403686564	1	2
2	25.96663751395275	2.595176188104478	2	-1
0	25.972692831607322	1.723304447300042	0	1
1	25.972692831607322	1.4182527288290512	1	2
2	25.972692831607322	2.597074483118435	2	-1
0	25.978644416604215	1.7229149139994888	0	1
1	25.978644416604215	1.4197641339689204	1	2
2	25.978644416604215	2.5989754215588574	2	-1
0	25.98449297398586	1.722527668050193	0	1
1	25.98449297398586	1.421280457784084	1	2
2	25.98449297398586	2.600878991323317	2	-1
0	25.99023921327594	1.7221427237618219	0	1
1	25.99023921327594	1.4228017018295356	1	2
2	25.99023921327594	2.6027851796571397	2	-1
0	25.99588384848258	1.7217600956650712	0	1
1	25.99588384848258	1.424327867180973	1	2
2	25.99588384848258	2.604693973105328	2	-1
0	26.001427598160056	1.721379798517646	0	1
1	26.001427598160056	1.4258589544093183	1	2
2	26.001427598160056	2.606605357481098	2	-1
0	26.006871185503165	1.7210018473080966	0	1
1	26.006871185503165	1.4273949635630183	1	2
2	26.006871185503165	2.608519317844348	2	-1
0	26.01221533835274	1.7206262572659088	0	1
1	26.01221533835274	1.4289358941240438	1	2
2	26.01221533835274	2.610435838447561	2	-1
0	26.01746078928027	1.7202530438663528	0	1
1	26.01746078928027	1.4304817449836447	1	2
2	26.01746078928027	2.612354902706718	2	-1
0	26.02260827562589	1.7198822228387332	0	1
1	26.02260827562589	1.4320325144028874	1	2
2	26.02260827562589	2.61427649315358	2	-1
0	26.027658539550327	1.7195138101738756	0	1
1	26.027658539550327	1.4335881999746016	1	2
2	26.027658539550327	2.616200591390152	2	-1
0	26.03261232808945	1.7191478221316194	0	1
1	26.03261232808945	1.4351487985835316	1	2
2	26.03261232808945	2.6181271780413384	2	-1
0	26.03747039321987	1.7187842752476559	0	1
1	26.03747039321987	1.4367143063674297	1	2
2	26.03747039321987	2.6200562327092	2	-1
0	26.042233491928613	1.7184231863401764	0	1
1	26.042233491928613	1.4382847186771013	1	2
2	26.042233491928613	2.6219877339263506	2	-1
0	26.046902386212935	1.7180645725220096	0	1
1	26.046902386212935	1.4398600300102715	1	2
2	26.046902386212935	2.6239216590776877	2	-1
0	26.05147784318788	1.7177084512048297	0	1
1	26.05147784318788	1.4414402339772128	1	2
2	26.05147784318788	2.6258579843618093	2	-1
0	26.055960635153703	1.7173548401064114	0	1
1	26.055960635153703	1.4430253232509758	1	2
2	26.055960635153703	2.6277966847339904	2	-1
0	26.06035153958609	1.717003757264189	0	1
1	26.06035153958609	1.4446152894862427	1	2
2	26.06035153958609	2.62973773381148	2	-1
0	26.06465133924704	1.716655221039564	0	1
1	26.06465133924704	1.4462101232760587	1	2
2	26.06465133924704	2.6316811038259207	2	-1
0	26.068860822233898	1.7163092501271378	0	1
1	26.068860822233898	1.447809814083309	1	2
2	26.068860822233898	2.6336267655455976	2	-1
0	26.07298078204793	1.7159658635625088	0	1
1	26.07298078204793	1.4494143501749288	1	2
2	26.07298078204793	2.6355746882018463	2	-1
0	26.07701201760863	1.7156250807347517	0	1
1	26.07701201760863	1.451023718529966	1	2
2	26.07701201760863	2.63752483938464	2	-1
0	26.080955333366337	1.7152869213908564	0	1
1	26.080955333366337	1.452637904780546	1	2
2	26.080955333366337	2.6394771849791154	2	-1
0	26.084811539289557	1.7149514056508743	0	1
1	26.084811539289557	1.454256893097274	1	2
2	26.084811539289557	2.6414316890358256	2	-1
0	26.088581451024975	1.7146185540083623	0	1
1	26.088581451024975	1.4558806661393717	1	2
2	26.088581451024975	2.6433883137204357	2	-1
0	26.092265889875563	1.7142883873465575	0	1
1	26.092265889875563	1.4575092049236147	1	2
2	26.092265889875563	2.645347019166483	2	-1
0	26.0958656828789	1.7139609269460954	0	1
1	26.0958656828789	1.4591424887269482	1	2
2	26.0958656828789	2.6473077633702786	2	-1
0	26.0993816628821	1.7136361944929608	0	1
1	26.0993816628821	1.460780494981311	1	2
2	26.0993816628821	2.6492705020777763	2	-1
0	26.102814668590426	1.7133142120888467	0	1
1	26.102814668590426	1.4624231991488548	1	2
2	26.102814668590426	2.651235188649434	2	-1
0	26.106165544636312	1.7129950022596767	0	1
1	26.106165544636312	1.4640705745978904	1	2
2	26.106165544636312	2.65320177392764	2	-1
0	26.109435141629408	1.7126785879658992	0	1
1	26.109435141629408	1.4657225924606427	1	2
2	26.109435141629408	2.6551702060841698	2	-1
0	26.112624316222046	1.712364992611321	0	1
1	26.112624316222046	1.4673792214883707	1	2
2	26.112624316222046	2.657140430466476	2	-1
0	26.11573393116765	1.7120542400525487	0	1
1	26.11573393116765	1.4690404278924367	1	2
2	26.11573393116765	2.659112389429314	2	-1
0	26.11876485537627	1.7117463546086555	0	1
1	26.11876485537627	1.470706175172131	1	2
2	26.11876485537627	2.6610860221529014	2	-1
0	26.121717963984214	1.7114413610693044	0	1
1	26.121717963984214	1.472376423937745	1	2
2	26.121717963984214	2.6630612644578666	2	-1
0	26.12459413841753	1.7111392847032594	0	1
1	26.12459413841753	1.474051131717601	1	2
2	26.12459413841753	2.6650380486037677	2	-1
0	26.127394266437097	1.710840151268627	0	1
1	26.127394266437097	1.4757302527399347	1	2
2	26.127394266437097	2.6670163030607337	2	-1
0	26.130119242212356	1.7105439870198542	0	1
1	26.130119242212356	1.4774137377157237	1	2
2	26.130119242212356	2.6689959522852953	2	-1
0	26.13276996637579	1.7102508187163978	0	1
1	26.13276996637579	1.4791015335939126	1	2
2	26.13276996637579	2.6709769164669406	2	-1
0	26.135347346087915	1.7099606736298663	0	1
1	26.135347346087915	1.4807935833051786	1	2
2	26.135347346087915	2.6729591112647384	2	-1
0	26.137852295092934	1.7096735795517108	0	1
1	26.137852295092934	1.482489825480651	1	2
2	26.137852295092934	2.674942447518366	2	-1
0	26.140285733777894	1.7093895647999962	0	1
1	26.140285733777894	1.484190194151947	1	2
2	26.140285733777894	2.676926830941377	2	-1
0	26.142648589235616	1.7091086582250747	0	1
1	26.142648589235616	1.4858946184316466	1	2
2	26.142648589235616	2.678912161795998	2	-1
0	26.144941795321632	1.708830889215188	0	1
1	26.144941795321632	1.4876030221658165	1	2
2	26.144941795321632	2.6808983345400543	2	-1
0	26.147166292717195	1.7085562877004568	0	1
1	26.147166292717195	1.4893153235653207	1	2
2	26.147166292717195	2.68288523745429	2	-1
0	26.14932302897983	1.7082848841573757	0	1
1	26.14932302897983	1.4910314348001612	1	2
2	26.14932302897983	2.6848727522322116	2	-1
0	26.15141295860068	1.7080167096113688	0	1
1	26.15141295860068	1.4927512615687148	1	2
2	26.15141295860068	2.686860753546772	2	-1
0	26.153437043084068	1.7077517956350758	0	1
1	26.153437043084068	1.494474702654387	1	2
2	26.153437043084068	2.6888491086087374	2	-1
0	26.155396250961566	1.7074901743535753	0	1
1	26.155396250961566	1.4962016493936703	1	2
2	26.155396250961566	2.690837676629521	2	-1
0	26.15729155788195	1.7072318784380789	0	1
1	26.15729155788195	1.4979319851707191	1	2
2	26.15729155788195	2.6928263083220663	2	-1
0	26.15912394666138	1.706976941102648	0	1
1	26.15912394666138	1.4996655848414138	1	2
2	26.15912394666138	2.694814845328192	2	-1
0	26.160894407311513	1.7067253961018414	0	1
1	26.160894407311513	1.501402314093623	1	2
2	26.160894407311513	2.6968031195812077	2	-1
0	26.162603937124285	1.7064772777178954	0	1
1	26.162603937124285	1.5031420288170754	1	2
2	26.162603937124285	2.698790952688606	2	-1
0	26.16425354070244	1.7062326207524539	0	1
1	26.16425354070244	1.5048845743759545	1	2
2	26.16425354070244	2.7007781552129266	2	-1
0	26.16584423000653	1.7059914605127489	0	1
1	26.16584423000653	1.506629784846783	1	2
2	26.16584423000653	2.70276452592346	2	-1
0	26.167377024406797	1.7057538327931918	0	1
1	26.167377024406797	1.508377482210427	1	2
2	26.167377024406797	2.704749851006661	2	-1
0	26.168852950726496	1.7055197738538237	0	1
1	26.168852950726496	1.5101274754819627	1	2
2	26.168852950726496	2.706733903217565	2	-1
0	26.17027304327467	1.7052893203954957	0	1
1	26.17027304327467	1.5118795597720858	1	2
2	26.17027304327467	2.708716440966016	2	-1
0	26.171638343888198	1.7050625095279697	0	1
1	26.171638343888198	1.5136335153017257	1	2
2	26.171638343888198	2.710697207363182	2	-1
0	26.172949901956603	1.7048393787343843	0	1
1	26.172949901956603	1.5153891063370775	1	2
2	26.172949901956603	2.712675929192119	2	-1
0	26.174208774452314	1.7048743157837511	0	1
3	26.174208774452314	4.4268537723485215	1	-1
