1	0	0.9088358978425217	1.3528104748941006	2.9088339920926214
2	0	0.8120495474293007	1.0800314338165622	5.727594611672915
1	0.07978026261832193	0.9091241346390674	1.3529379933677095	2.9088339920926214
2	0.07978026261832193	0.8115614390932644	1.079855722174306	5.727594611672915
1	0.1076457531820669	0.9092188000640782	1.353031274732556	2.9088339920926214
2	0.1076457531820669	0.8114045069533063	1.0797272232053894	5.727594611672915
1	0.14043039988712303	0.9093271920655039	1.3531658626440968	2.9088339920926214
2	0.14043039988712303	0.8112266724668598	1.0795418713434894	5.727594611672915
1	0.17307853091268613	0.9094324810807207	1.3533224191454938	2.9088339920926214
2	0.17307853091268613	0.8110556682130031	1.079326334962194	5.727594611672915
1	0.20729613770085342	0.9095405224513284	1.3535066544859826	2.9088339920926214
2	0.20729613770085342	0.810881799909359	1.0790727880262339	5.727594611672915
1	0.2426676492048017	0.9096502074298648	1.353715153721182	2.9088339920926214
2	0.2426676492048017	0.8107067655295926	1.0787859740323882	5.727594611672915
1	0.2794478836740867	0.9097625515551285	1.3539480690633774	2.9088339920926214
2	0.2794478836740867	0.8105288400275592	1.0784657315613673	5.727594611672915
1	0.3176951666538591	0.9098779376801461	1.3542046306762403	2.9088339920926214
2	0.3176951666538591	0.8103473267911538	1.0781131732873839	5.727594611672915
1	0.3575466731674481	0.9099969766162413	1.3544847218611762	2.9088339920926214
2	0.3575466731674481	0.8101611805177875	1.0777285197105682	5.727594611672915
1	0.399133998271012	0.9101202493141951	1.3547883583785758	2.9088339920926214
2	0.399133998271012	0.8099694169480877	1.0773118161458952	5.727594611672915
1	0.4426136254548989	0.9102484008950034	1.355115891318309	2.9088339920926214
2	0.4426136254548989	0.8097709650127297	1.0768626552619107	5.727594611672915
1	0.48816143362766834	0.9103821262171885	1.3554679724736003	2.9088339920926214
2	0.48816143362766834	0.8095646899167868	1.076380226392585	5.727594611672915
1	0.5359799472830928	0.9105221938879002	1.3558456114974549	2.9088339920926214
2	0.5359799472830928	0.8093493562958303	1.0758632393546483	5.727594611672915
1	0.5863029557790326	0.9106694629382694	1.3562502171358313	2.9088339920926214
2	0.5863029557790326	0.8091236030649861	1.0753098708331166	5.727594611672915
1	0.6394031329461198	0.9108249090349718	1.356683665038907	2.9088339920926214
2	0.6394031329461198	0.8088859038406908	1.0747176752824932	5.727594611672915
1	0.6956017375015336	0.9109896578052659	1.3571483868568737	2.9088339920926214
2	0.6956017375015336	0.8086345168322046	1.0740834679891162	5.727594611672915
1	0.7552822380541158	0.9111650311490228	1.3576474973284924	2.9088339920926214
2	0.7552822380541158	0.8083674153574496	1.0734031580034606	5.727594611672915
1	0.8189098803167473	0.9113526132118895	1.3581849790022185	2.9088339920926214
2	0.8189098803167473	0.8080821890408385	1.0726715050196338	5.727594611672915
1	0.887061365173128	0.9115543495559028	1.3587659641238685	2.9088339920926214
2	0.887061365173128	0.8077758954511864	1.071881747770707	5.727594611672915
1	0.9604728227613109	0.9117727059887117	1.3593971910232772	2.9088339920926214
2	0.9604728227613109	0.8074448225919807	1.0710250012694846	5.727594611672915
1	1.0401242336214134	0.9120109453729436	1.3600878053688248	2.9088339920926214
2	1.0401242336214134	0.8070840749153001	1.070089196356075	5.727594611672915
1	1.1274057168695983	0.9122736676592935	1.3608509304776824	2.9088339920926214
2	1.1274057168695983	0.8066867652356001	1.0690569968298766	5.727594611672915
1	1.2245012037254233	0.9125680447703975	1.3617072669993069	2.9088339920926214
2	1.2245012037254233	0.806242165469485	1.0679010145940282	5.727594611672915
1	1.3355195849822703	0.9129074330931088	1.362695634686451	2.9088339920926214
2	1.3355195849822703	0.8057302923612463	1.066569770322046	5.727594611672915
1	1.4685597091238258	0.9133181553571847	1.3638927993939562	2.9088339920926214
2	1.4685597091238258	0.8051117836074007	1.064961473203661	5.727594611672915
1	1.6126494589136449	0.913768003513952	1.3652049686138905	2.9088339920926214
2	1.6126494589136449	0.8044354877224621	1.0632038161571424	5.727594611672915
1	1.7481245547183801	0.9141957745415084	1.3664534917351687	2.9088339920926214
2	1.7481245547183801	0.8037934294310491	1.0615362826932988	5.727594611672915
1	1.8736587183444793	0.9145963707899434	1.3676232915539666	2.9088339920926214
2	1.8736587183444793	0.8031930460096525	1.0599780979696258	5.727594611672915
1	1.9977617582122564	0.9149964238220936	1.368792043938257	2.9088339920926214
2	1.9977617582122564	0.8025943006974018	1.0584252791405724	5.727594611672915
1	2.12019005747119	0.9153950338626907	1.369957101125839	2.9088339920926214
2	2.12019005747119	0.8019985044807953	1.0568812332657533	5.727594611672915
1	2.241820845435837	0.9157949721118804	1.371126554739666	2.9088339920926214
2	2.241820845435837	0.8014014866269822	1.0553351560380086	5.727594611672915
1	2.362748306868808	0.9161965094762873	1.37230119828773	2.9088339920926214
2	2.362748306868808	0.8008028236150806	1.0537859631901874	5.727594611672915
1	2.483110752028993	0.9166000770902876	1.3734822974102021	2.9088339920926214
2	2.483110752028993	0.8002018557786181	1.0522319609413762	5.727594611672915
1	2.6029470562430075	0.9170057853261697	1.3746701814564146	2.9088339920926214
2	2.6029470562430075	0.7995984034820742	1.0506726993716278	5.727594611672915
1	2.722285660237947	0.9174137133989638	1.3758650895193296	2.9088339920926214
2	2.722285660237947	0.7989923341741059	1.0491078509683984	5.727594611672915
1	2.8411387508216364	0.9178238875430523	1.3770671060637267	2.9088339920926214
2	2.8411387508216364	0.7983835944382166	1.0475372931283313	5.727594611672915
1	2.9595140374847384	0.9182363196005953	1.3782762736395977	2.9088339920926214
2	2.9595140374847384	0.7977721523563518	1.0459609589995795	5.727594611672915
1	3.0774160091598444	0.9186510107416767	1.3794926036498845	2.9088339920926214
2	3.0774160091598444	0.7971579918771418	1.0443788228414368	5.727594611672915
1	3.1948478907388793	0.919067957920042	1.3807160952014448	2.9088339920926214
2	3.1948478907388793	0.7965411031831158	1.0427908751178314	5.727594611672915
1	3.3118121907251394	0.9194871556409105	1.3819467402538508	2.9088339920926214
2	3.3118121907251394	0.7959214800464792	1.0411971156549413	5.727594611672915
1	3.428311090957236	0.9199085972619603	1.3831845274172858	2.9088339920926214
2	3.428311090957236	0.7952991178914753	1.0395975486364597	5.727594611672915
1	3.544346599464731	0.9203322755025477	1.3844294434371207	2.9088339920926214
2	3.544346599464731	0.7946740130363251	1.0379921806456411	5.727594611672915
1	3.65992064028223	0.9207581827497745	1.3856814740869763	2.9088339920926214
2	3.65992064028223	0.7940461622390992	1.0363810194938374	5.727594611672915
1	3.7750350884286012	0.9211863111775768	1.3869406045151418	2.9088339920926214
2	3.7750350884286012	0.7934155625214646	1.0347640737656303	5.727594611672915
1	3.8896917915231217	0.9216166528223874	1.3882068194646393	2.9088339920926214
2	3.8896917915231217	0.7927822110573022	1.0331413525316884	5.727594611672915
1	4.003892585267627	0.9220491996397939	1.3894801034382065	2.9088339920926214
2	4.003892585267627	0.7921461050898398	1.0315128651356817	5.727594611672915
1	4.11763928600896	0.9224839434763433	1.3907604406139276	2.9088339920926214
2	4.11763928600896	0.7915072419738236	1.0298786213017985	5.727594611672915
1	4.230933703903163	0.9229208761195888	1.392047814991299	2.9088339920926214
2	4.230933703903163	0.7908656191026509	1.028238630947753	5.727594611672915
1	4.343777637834772	0.923359989279537	1.3933422103354758	2.9088339920926214
2	4.343777637834772	0.790221233936446	1.0265929042563557	5.727594611672915
1	4.456172880125626	0.9238012746076323	1.394643610232123	2.9088339920926214
2	4.456172880125626	0.7895740839749836	1.0249414516060258	5.727594611672915
1	4.568121213231128	0.9242447236848406	1.3959519980512298	2.9088339920926214
2	4.568121213231128	0.7889241667759852	1.0232842836172766	5.727594611672915
1	4.679624413212333	0.9246903280362293	1.397267356989068	2.9088339920926214
2	4.679624413212333	0.788271479934543	1.0216214110999655	5.727594611672915
1	4.790684247540537	0.9251380791233254	1.3985896700446252	2.9088339920926214
2	4.790684247540537	0.787616021095132	1.0199528450837154	5.727594611672915
1	4.901302470292238	0.9255879683253435	1.3999189199630846	2.9088339920926214
2	4.901302470292238	0.7869577879798519	1.0182785968894512	5.727594611672915
1	5.011480837106493	0.9260399870008106	1.401255089416849	2.9088339920926214
2	5.011480837106493	0.7862967782990451	1.0165986779017497	5.727594611672915
1	5.121221085355458	0.926494126407801	1.402598160768838	2.9088339920926214
2	5.121221085355458	0.7856329898687825	1.0149130998674134	5.727594611672915
1	5.230524951861853	0.9269503777773156	1.4039481162883387	2.9088339920926214
2	5.230524951861853	0.784966420504321	1.01322187462437	5.727594611672915
1	5.339394159147857	0.9274087322574093	1.4053049379847729	2.9088339920926214
2	5.339394159147857	0.7842970681025561	1.0115250143108434	5.727594611672915
1	5.447830426250047	0.9278691809591021	1.4066686077424986	2.9088339920926214
2	5.447830426250047	0.7836249305757107	1.0098225311968105	5.727594611672915
1	5.5558354615796794	0.9283317149274081	1.4080391072340728	2.9088339920926214
2	5.5558354615796794	0.7829500058944235	1.0081144377930558	5.727594611672915
1	5.6634109647164355	0.9287963251495519	1.4094164179435267	2.9088339920926214
2	5.6634109647164355	0.7822722920764996	1.0064007468223217	5.727594611672915
1	5.770558630215111	0.9292630025723695	1.4108005212169574	2.9088339920926214
2	5.770558630215111	0.7815917871622904	1.0046814711568328	5.727594611672915
1	5.877280139144203	0.9297317380664306	1.4121913981551315	2.9088339920926214
2	5.877280139144203	0.7809084892677698	1.0029566239521779	5.727594611672915
1	5.983577169074738	0.9302025224703426	1.4135890297438753	2.9088339920926214
2	5.983577169074738	0.7802223965206752	1.0012262184856975	5.727594611672915
1	6.089451386136386	0.9306753465568353	1.4149933967524626	2.9088339920926214
2	6.089451386136386	0.7795335071106978	0.9994902682829709	5.727594611672915
1	6.194904450094365	0.9311502010559501	1.4164044798014412	2.9088339920926214
2	6.194904450094365	0.7788418192564192	0.9977487870341216	5.727594611672915
1	6.299938010529182	0.93162707663879	1.4178222593133687	2.9088339920926214
2	6.299938010529182	0.778147331229722	0.9960017886550664	5.727594611672915
1	6.404553709302982	0.9321059639292981	1.4192467155468071	2.9088339920926214
2	6.404553709302982	0.777450041339354	0.9942492872458194	5.727594611672915
1	6.508753180901856	0.9325868535067391	1.4206778286027326	2.9088339920926214
2	6.508753180901856	0.7767499479280441	0.9924912970830245	5.727594611672915
1	6.612538051421632	0.93306973590191	1.4221155784122965	2.9088339920926214
2	6.612538051421632	0.7760470493787386	0.9907278326353922	5.727594611672915
1	6.715909938961384	0.9335546015997431	1.4235599447435945	2.9088339920926214
2	6.715909938961384	0.7753413441115251	0.9889589085557151	5.727594611672915
1	6.8188704499491815	0.9340414410226761	1.4250109071511226	2.9088339920926214
2	6.8188704499491815	0.774632830608541	0.9871845397429738	5.727594611672915
1	6.92142118559031	0.9345302445616128	1.4264684450670297	2.9088339920926214
2	6.92142118559031	0.7739215073696143	0.985404741230859	5.727594611672915
1	7.02356373892727	0.9350210025630605	1.4279325377618657	2.9088339920926214
2	7.02356373892727	0.7732073729316867	0.9836195282362666	5.727594611672915
1	7.125299692413542	0.9355137053180821	1.4294031643106362	2.9088339920926214
2	7.125299692413542	0.772490425885582	0.9818289162008937	5.727594611672915
1	7.226630624394276	0.9360083430943266	1.4308803036874358	2.9088339920926214
2	7.226630624394276	0.7717706648300842	0.9800329206762436	5.727594611672915
1	7.327558098757596	0.936504906086421	1.432363934616381	2.9088339920926214
2	7.327558098757596	0.771048088444808	0.9782315575052671	5.727594611672915
1	7.428083675309804	0.9370033844671164	1.4338540357233602	2.9088339920926214
2	7.428083675309804	0.7703226954164546	0.9764248426379912	5.727594611672915
1	7.528208906715199	0.9375037683734262	1.4353505854937683	2.9088339920926214
2	7.528208906715199	0.7695944844596528	0.9746127921834166	5.727594611672915
1	7.627935334685982	0.9380060478882524	1.4368535622166092	2.9088339920926214
2	7.627935334685982	0.7688634543443663	0.9727954224774381	5.727594611672915
1	7.727264491983345	0.938510213050715	1.4383629440143884	2.9088339920926214
2	7.727264491983345	0.768129603881529	0.9709727500466782	5.727594611672915
1	7.826197905948629	0.9390162538747931	1.4398787088979956	2.9088339920926214
2	7.826197905948629	0.7673929318965711	0.9691447915424793	5.727594611672915
1	7.924737093030708	0.9395241603222002	1.4414008346845744	2.9088339920926214
2	7.924737093030708	0.7666534372695546	0.9673115638403138	5.727594611672915
1	8.022883563678132	0.9400339223279918	1.442929299073291	2.9088339920926214
2	8.022883563678132	0.765911118898545	0.9654730839485934	5.727594611672915
1	8.120638819662867	0.9405455297875603	1.4444640796054757	2.9088339920926214
2	8.120638819662867	0.7651659757191849	0.963629369056988	5.727594611672915
1	8.218004352724567	0.9410589725499718	1.4460051536436818	2.9088339920926214
2	8.218004352724567	0.7644180067150447	0.9617804365616741	5.727594611672915
1	8.314981648683862	0.9415742404401296	1.4475524984372754	2.9088339920926214
2	8.314981648683862	0.7636672108859737	0.9599263039867589	5.727594611672915
1	8.4115721842095	0.9420913232424387	1.4491060910725242	2.9088339920926214
2	8.4115721842095	0.7629135872725228	0.9580669890444246	5.727594611672915
1	8.507777428852611	0.9426102107121939	1.450665908505899	2.9088339920926214
2	8.507777428852611	0.7621571349399745	0.9562025095952057	5.727594611672915
1	8.603598840885903	0.9431308925536563	1.4522319274972662	2.9088339920926214
2	8.603598840885903	0.7613978530109256	0.9543328837279902	5.727594611672915
1	8.69903787607019	0.9436533584681387	1.4538041247535962	2.9088339920926214
2	8.69903787607019	0.7606357405957888	0.9524581295885521	5.727594611672915
1	8.794095977039326	0.9441775980969244	1.4553824767564179	2.9088339920926214
2	8.794095977039326	0.7598707968766365	0.9505782655857443	5.727594611672915
1	8.888774580642343	0.9447036010617176	1.4569669598826027	2.9088339920926214
2	8.888774580642343	0.7591030210488188	0.9486933102474621	5.727594611672915
1	8.98307511517231	0.9452313569500655	1.4585575503596402	2.9088339920926214
2	8.98307511517231	0.7583324123428237	0.946803282274164	5.727594611672915
1	9.076999001087717	0.9457608553198485	1.460154224278292	2.9088339920926214
2	9.076999001087717	0.7575589700183204	0.9449082005239429	5.727594611672915
1	9.170547650427174	0.9462920856964862	1.4617569575833054	2.9088339920926214
2	9.170547650427174	0.7567826933688313	0.9430080840236844	5.727594611672915
1	9.263722468585204	0.9468250375835383	1.4633657261045458	2.9088339920926214
2	9.263722468585204	0.7560035817068247	0.9411029519323004	5.727594611672915
1	9.356524851337184	0.9473597004462624	1.4649805055065337	2.9088339920926214
2	9.356524851337184	0.7552216343883258	0.9391928236006643	5.727594611672915
1	9.448956188838821	0.9478960637350334	1.4666012713583116	2.9088339920926214
2	9.448956188838821	0.7544368507792486	0.937277718489029	5.727594611672915
1	9.541017860451635	0.9484341168559387	1.4682279990437852	2.9088339920926214
2	9.541017860451635	0.7536492302989783	0.9353576562731704	5.727594611672915
1	9.632711239961223	0.9489738492014541	1.4698606638535765	2.9088339920926214
2	9.632711239961223	0.7528587723760577	0.933432656735929	5.727594611672915
1	9.724037692152665	0.9495152501309974	1.4714992409254297	2.9088339920926214
2	9.724037692152665	0.7520654764772045	0.9315027398377214	5.727594611672915
1	9.814998574743095	0.9500583089827006	1.4731437052789977	2.9088339920926214
2	9.814998574743095	0.7512693420906295	0.9295679256756046	5.727594611672915
1	9.905595237735138	0.950603015070095	1.474794031805014	2.9088339920926214
2	9.905595237735138	0.7504703687314369	0.9276282344961726	5.727594611672915
1	9.995829022894034	0.9511493576793681	1.4764501952561724	2.9088339920926214
2	9.995829022894034	0.7496685559461955	0.9256836867063548	5.727594611672915
1	10.08570126411291	0.951697326071907	1.4781121702540196	2.9088339920926214
2	10.08570126411291	0.7488639033097573	0.9237343028653715	5.727594611672915
1	10.175213288135526	0.9522469094891212	1.4797799313027902	2.9088339920926214
2	10.175213288135526	0.7480564104187111	0.921780103668594	5.727594611672915
1	10.264366414830395	0.9527980971546512	1.4814534527953547	2.9088339920926214
2	10.264366414830395	0.747246076888653	0.9198211099407206	5.727594611672915
1	10.353161953922461	0.9533508782545062	1.483132708952119	2.9088339920926214
2	10.353161953922461	0.7464329023839205	0.9178573427073533	5.727594611672915
1	10.441601210419911	0.9539052419710323	1.4848176739234002	2.9088339920926214
2	10.441601210419911	0.7456168865681686	0.9158888230752493	5.727594611672915
1	10.529685480443824	0.9544611774574894	1.4865083217114647	2.9088339920926214
2	10.529685480443824	0.7447980291422652	0.9139155723236448	5.727594611672915
1	10.617416052848329	0.9550186738484548	1.488204626201365	2.9088339920926214
2	10.617416052848329	0.7439763298295021	0.9119376118682341	5.727594611672915
1	10.704794208074068	0.9555777202528708	1.4899065611390252	2.9088339920926214
2	10.704794208074068	0.743151788386354	0.9099549632867727	5.727594611672915
1	10.791821220952494	0.9561383057723115	1.4916141001861019	2.9088339920926214
2	10.791821220952494	0.7423244045760411	0.907967648255213	5.727594611672915
1	10.878498356900796	0.956700419476961	1.4933272168461087	2.9088339920926214
2	10.878498356900796	0.741494178204459	0.9059756886338104	5.727594611672915
1	10.964826875598751	0.9572640504295918	1.4950458845367125	2.9088339920926214
2	10.964826875598751	0.7406611090852854	0.9039791063830124	5.727594611672915
1	11.050808028825502	0.9578291876719786	1.4967700765476317	2.9088339920926214
2	11.050808028825502	0.739825197060515	0.901977923612517	5.727594611672915
1	11.13644306060318	0.9583958202260425	1.4984997660433799	2.9088339920926214
2	11.13644306060318	0.7389864419992671	0.8999721625780762	5.727594611672915
1	11.221733207927954	0.9589639370989423	1.5002349260780818	2.9088339920926214
2	11.221733207927954	0.738144843790736	0.8979618456643286	5.727594611672915
1	11.306679700865654	0.9595335272840688	1.501975529597818	2.9088339920926214
2	11.306679700865654	0.7373004023431808	0.895946995382146	5.727594611672915
1	11.391283761717629	0.9601045797557527	1.5037215494237568	2.9088339920926214
2	11.391283761717629	0.7364531175922375	0.8939276343881956	5.727594611672915
1	11.475546605951104	0.9606770834757621	1.5054729582713116	2.9088339920926214
2	11.475546605951104	0.7356029894917525	0.8919037854627814	5.727594611672915
1	11.559469442054091	0.9612510273926534	1.5072297287474867	2.9088339920926214
2	11.559469442054091	0.7347500180151934	0.8898754715129663	5.727594611672915
1	11.64305347173374	0.9618264004434407	1.5089918333553183	2.9088339920926214
2	11.64305347173374	0.7338942031536129	0.8878427155674872	5.727594611672915
1	11.726299888216479	0.9624031915421066	1.5107592444580074	2.9088339920926214
2	11.726299888216479	0.733035544933194	0.885805540818128	5.727594611672915
1	11.809209878526412	0.9629813895954726	1.5125319343268397	2.9088339920926214
2	11.809209878526412	0.7321740433921015	0.8837639705644267	5.727594611672915
1	11.891784623939675	0.963560983506824	1.5143098751516981	2.9088339920926214
2	11.891784623939675	0.7313096985754769	0.881718028201676	5.727594611672915
1	11.97402529678648	0.9641419621537607	1.5160930389724816	2.9088339920926214
2	11.97402529678648	0.7304425105688906	0.8796677372998782	5.727594611672915
1	12.05593306311163	0.9647243144069468	1.5178813977359393	2.9088339920926214
2	12.05593306311163	0.7295724794708408	0.8776131215382847	5.727594611672915
1	12.13750908190007	0.9653080291249124	1.5196749232790903	2.9088339920926214
2	12.13750908190007	0.7286996054009265	0.875554204724485	5.727594611672915
1	12.218754506168201	0.965893095162106	1.5214735873533443	2.9088339920926214
2	12.218754506168201	0.7278238884882193	0.8734910107667316	5.727594611672915
1	12.299670481928912	0.9664795013617733	1.5232773616020188	2.9088339920926214
2	12.299670481928912	0.7269453288823088	0.8714235636997824	5.727594611672915
1	12.380258146817985	0.9670672365460589	1.5250862175292368	2.9088339920926214
2	12.380258146817985	0.726063926768574	0.8693518877204826	5.727594611672915
1	12.460518633675258	0.9676562895421884	1.5269001265798645	2.9088339920926214
2	12.460518633675258	0.7251796823293529	0.8672760070961515	5.727594611672915
1	12.540453068140925	0.9682466491652882	1.528719060086077	2.9088339920926214
2	12.540453068140925	0.7242925957700694	0.8651959462258413	5.727594611672915
1	12.620062568663283	0.9688383042184998	1.530542989267084	2.9088339920926214
2	12.620062568663283	0.723402667319484	0.8631117296405871	5.727594611672915
1	12.69934824689393	0.9694312434959867	1.5323718852377823	2.9088339920926214
2	12.69934824689393	0.722509897225586	0.8610233819934634	5.727594611672915
1	12.77831120836466	0.9700254557881611	1.5342057190242953	2.9088339920926214
2	12.77831120836466	0.7216142857481105	0.8589309280418218	5.727594611672915
1	12.856952552288377	0.9706209298804317	1.5360444615595577	2.9088339920926214
2	12.856952552288377	0.7207158331607848	0.8568343926523468	5.727594611672915
1	12.93527337117382	0.9712176545504568	1.5378880836742728	2.9088339920926214
2	12.93527337117382	0.7198145397558431	0.8547338008113529	5.727594611672915
1	13.01327475060741	0.9718156185665595	1.539736556091433	2.9088339920926214
2	13.01327475060741	0.7189104058468098	0.8526291776309745	5.727594611672915
1	13.090957769735006	0.972414810691478	1.54158984943734	2.9088339920926214
2	13.090957769735006	0.7180034317632151	0.8505205483365604	5.727594611672915
1	13.168323501986219	0.973015219688126	1.543447934258885	2.9088339920926214
2	13.168323501986219	0.7170936178422278	0.848407938247002	5.727594611672915
1	13.245373013655371	0.9736168343087571	1.5453107809894882	2.9088339920926214
2	13.245373013655371	0.7161809644454178	0.8462913728134474	5.727594611672915
1	13.322107365412446	0.9742196433067953	1.5471783599851758	2.9088339920926214
2	13.322107365412446	0.7152654719411841	0.844170877578245	5.727594611672915
1	13.398527610988847	0.9748236354266858	1.5490506414926264	2.9088339920926214
2	13.398527610988847	0.7143471407204985	0.8420464782112139	5.727594611672915
1	13.474634798272387	0.975428799412568	1.5509275956755104	2.9088339920926214
2	13.474634798272387	0.7134259711840871	0.8399182004796844	5.727594611672915
1	13.55042996856338	0.9760351240024925	1.5528091925960517	2.9088339920926214
2	13.55042996856338	0.7125019637515606	0.8377860702693801	5.727594611672915
1	13.625914156767019	0.9766425979299658	1.5546954022192891	2.9088339920926214
2	13.625914156767019	0.7115751188594202	0.8356501135795134	5.727594611672915
1	13.70108839362948	0.9772512099421303	1.556586194469053	2.9088339920926214
2	13.70108839362948	0.7106454369336194	0.83351035645939	5.727594611672915
1	13.775953700383832	0.9778609487565763	1.558481539093321	2.9088339920926214
2	13.775953700383832	0.7097129184558363	0.8313668251607661	5.727594611672915
1	13.850511095262291	0.9784718031140898	1.5603814058275922	2.9088339920926214
2	13.850511095262291	0.7087775638832319	0.829219545952895	5.727594611672915
1	13.924761588440138	0.9790837617376589	1.562285764267013	2.9088339920926214
2	13.924761588440138	0.7078393737114249	0.8270685452671408	5.727594611672915
1	13.998706185978454	0.9796968133648124	1.5641945839664753	2.9088339920926214
2	13.998706185978454	0.7068983484252914	0.8249138495837807	5.727594611672915
1	14.072345885218187	0.9803109467095967	1.5661078343217911	2.9088339920926214
2	14.072345885218187	0.7059544885576018	0.8227554855661234	5.727594611672915
1	14.145681680550835	0.9809261505104843	1.5680254847184067	2.9088339920926214
2	14.145681680550835	0.7050077946157774	0.8205934798925884	5.727594611672915
1	14.218714558239201	0.9815424134873024	1.5699475043967894	2.9088339920926214
2	14.218714558239201	0.7040582671483587	0.8184278594085351	5.727594611672915
1	14.291445500566264	0.9821597243760192	1.5718738625603932	2.9088339920926214
2	14.291445500566264	0.7031059066917852	0.816258651004459	5.727594611672915
1	14.363875482541648	0.9827780719010225	1.5738045282887743	2.9088339920926214
2	14.363875482541648	0.702150713813382	0.8140858817138399	5.727594611672915
1	14.436005473366212	0.9833974447873806	1.5757394705753565	2.9088339920926214
2	14.436005473366212	0.7011926890927956	0.8119095786704816	5.727594611672915
1	14.507836438480206	0.9840178317785768	1.5776786583824456	2.9088339920926214
2	14.507836438480206	0.7002318330947964	0.8097297690466139	5.727594611672915
1	14.579369334855746	0.9846392215959914	1.5796220605141922	2.9088339920926214
2	14.579369334855746	0.6992681464322651	0.8075464801956694	5.727594611672915
1	14.65060511582325	0.985261602980489	1.5815696457461401	2.9088339920926214
2	14.65060511582325	0.6983016297020866	0.8053597395065544	5.727594611672915
1	14.721544728333615	0.9858849646687862	1.5835213827509473	2.9088339920926214
2	14.721544728333615	0.6973322835220158	0.8031695744870757	5.727594611672915
1	14.792189113923094	0.9865092954017933	1.5854772401240629	2.9088339920926214
2	14.792189113923094	0.6963601085180128	0.8009760127350082	5.727594611672915
1	14.862539207944055	0.9871345839177773	1.5874371863618995	2.9088339920926214
2	14.862539207944055	0.6953851053351587	0.79877908196249	5.727594611672915
1	14.932595941459626	0.9877608189691541	1.5894011899140683	2.9088339920926214
2	14.932595941459626	0.6944072746117358	0.7965788099373836	5.727594611672915
1	15.002360239415012	0.9883879893062777	1.5913692191321998	2.9088339920926214
2	15.002360239415012	0.6934266170047291	0.7943752245405861	5.727594611672915
1	15.07183302085161	0.9890160836791767	1.5933412422749633	2.9088339920926214
2	15.07183302085161	0.6924431331874165	0.7921683537602732	5.727594611672915
1	15.141015200410454	0.9896450908510961	1.5953172275502059	2.9088339920926214
2	15.141015200410454	0.6914568238284118	0.7899582256446547	5.727594611672915
1	15.209907686138639	0.9902749995785886	1.5972971430520633	2.9088339920926214
2	15.209907686138639	0.6904676896230896	0.7877448683722545	5.727594611672915
1	15.278511381745874	0.9909057986319476	1.5992809568247761	2.9088339920926214
2	15.278511381745874	0.6894757312617925	0.7855283101804346	5.727594611672915
1	15.346827185928397	0.9915374767891306	1.6012686368432796	2.9088339920926214
2	15.346827185928397	0.6884809494395394	0.7833085793870546	5.727594611672915
1	15.414855991155038	0.9921700228244443	1.6032601509772382	2.9088339920926214
2	15.414855991155038	0.6874833448740806	0.7810857044305358	5.727594611672915
1	15.482598684901268	0.99280342551979	1.6052554670260526	2.9088339920926214
2	15.482598684901268	0.6864829182884508	0.7788597138306418	5.727594611672915
1	15.550056149323709	0.9934376736615734	1.6072545527087936	2.9088339920926214
2	15.550056149323709	0.6854796704160571	0.7766306361996214	5.727594611672915
1	15.617229262524882	0.9940727560525764	1.6092573757012987	2.9088339920926214
2	15.617229262524882	0.6844736019820921	0.7743985002007657	5.727594611672915
1	15.684118896585948	0.9947086614933992	1.6112639035773584	2.9088339920926214
2	15.684118896585948	0.6834647137330868	0.7721633346138963	5.727594611672915
1	15.75072591861776	0.995345378792203	1.6132741038390817	2.9088339920926214
2	15.75072591861776	0.6824530064217285	0.7699251683013894	5.727594611672915
1	15.81705119103633	0.9959828967672931	1.6152879439247445	2.9088339920926214
2	15.81705119103633	0.6814384808029386	0.7676840301993482	5.727594611672915
1	15.883095570116415	0.9966212042330881	1.617305391164145	2.9088339920926214
2	15.883095570116415	0.6804211376564128	0.7654399493671759	5.727594611672915
1	15.948859908743563	0.9972602900265256	1.619326412861725	2.9088339920926214
2	15.948859908743563	0.6794009777447673	0.7631929548949834	5.727594611672915
1	16.014345054267924	0.9979001429863401	1.6213509762308103	2.9088339920926214
2	16.014345054267924	0.6783780018466994	0.7609430759766689	5.727594611672915
1	16.07955184894675	0.9985407519571424	1.6233790484061803	2.9088339920926214
2	16.07955184894675	0.6773522107507084	0.7586903418958016	5.727594611672915
1	16.144481130905792	0.9991821057987663	1.62541059647337	2.9088339920926214
2	16.144481130905792	0.676323605240302	0.756434781992971	5.727594611672915
1	16.209133731457527	0.9998241933596296	1.6274455873839933	2.9088339920926214
2	16.209133731457527	0.675292186136909	0.7541764257596815	5.727594611672915
1	16.273510480268573	1.0004670035278036	1.629483988117275	2.9088339920926214
2	16.273510480268573	0.6742579542180758	0.7519153026589405	5.727594611672915
1	16.337612199431945	1.0011105251720533	1.6315257654929232	2.9088339920926214
2	16.337612199431945	0.6732209103123266	0.7496514423328251	5.727594611672915
1	16.401439708086677	1.001754747187686	1.6335708863162008	2.9088339920926214
2	16.401439708086677	0.6721810552256291	0.7473848744414016	5.727594611672915
1	16.464993819506706	1.0023996584672632	1.635619317284755	2.9088339920926214
2	16.464993819506706	0.6711383897887184	0.7451156287659353	5.727594611672915
1	16.52827534400908	1.003045247929877	1.6376710250813182	2.9088339920926214
2	16.52827534400908	0.6700929148099639	0.7428437351060534	5.727594611672915
1	16.591285085096917	1.003691504481792	1.6397259762484093	2.9088339920926214
2	16.591285085096917	0.6690446311391921	0.7405692234184089	5.727594611672915
1	16.65402384327787	1.0043384170551612	1.6417841373110973	2.9088339920926214
2	16.65402384327787	0.66799353960518	0.7382921236805976	5.727594611672915
1	16.716492414018077	1.0049859745870304	1.6438454747100366	2.9088339920926214
2	16.716492414018077	0.6669396410497862	0.7360124659651962	5.727594611672915
1	16.77869158826642	1.005634166024511	1.6459099548176583	2.9088339920926214
2	16.77869158826642	0.6658829363197222	0.7337302804217041	5.727594611672915
1	16.84062215291807	1.006282980329475	1.6479775439528934	2.9088339920926214
2	16.84062215291807	0.6648234262590218	0.7314455972601499	5.727594611672915
1	16.902284889816716	1.0069324064679595	1.6500482083471806	2.9088339920926214
2	16.902284889816716	0.6637611117264636	0.729158446788534	5.727594611672915
1	16.963680576574006	1.0075824334185137	1.65212191417082	2.9088339920926214
2	16.963680576574006	0.6626959935821006	0.7268688593835618	5.727594611672915
1	17.024809986875752	1.008233050175332	1.654198627542758	2.9088339920926214
2	17.024809986875752	0.6616280726822215	0.7245768654797288	5.727594611672915
1	17.085673889744434	1.0088842457402774	1.656278314504928	2.9088339920926214
2	17.085673889744434	0.660557349892532	0.7222824955975233	5.727594611672915
1	17.14627305019629	1.0095360091296837	1.6583609410437432	2.9088339920926214
2	17.14627305019629	0.6594838260771125	0.7199857803195718	5.727594611672915
1	17.2066082282683	1.0101883293636955	1.6604464730558193	2.9088339920926214
2	17.2066082282683	0.6584075021160929	0.7176867503283044	5.727594611672915
1	17.266680180847413	1.0108411954857999	1.6625348764101913	2.9088339920926214
2	17.266680180847413	0.6573283788735657	0.7153854363372193	5.727594611672915
1	17.326489660207148	1.0114945965468998	1.6646261168972243	2.9088339920926214
2	17.326489660207148	0.6562464572239189	0.71308186914709	5.727594611672915
1	17.386037414075673	1.0121485216057398	1.666720160229736	2.9088339920926214
2	17.386037414075673	0.6551617380512994	0.7107760796445604	5.727594611672915
1	17.44532418599214	1.0128029597325303	1.6688169720543793	2.9088339920926214
2	17.44532418599214	0.6540742222437474	0.7084680987894499	5.727594611672915
1	17.50435071608739	1.0134579000174015	1.6709165179785495	2.9088339920926214
2	17.50435071608739	0.6529839106792206	0.7061579575850078	5.727594611672915
1	17.563117740369364	1.0141133315623918	1.6730187635445568	2.9088339920926214
2	17.563117740369364	0.6518908042389469	0.7038456871062196	5.727594611672915
1	17.621625990499933	1.0147692434787012	1.6751236742206221	2.9088339920926214
2	17.621625990499933	0.6507949038121151	0.7015313185095592	5.727594611672915
1	17.679876193388445	1.0154256248817846	1.6772312153849012	2.9088339920926214
2	17.679876193388445	0.6496962103042375	0.6992148830503742	5.727594611672915
1	17.737869073949277	1.0160824649222158	1.6793413524244167	2.9088339920926214
2	17.737869073949277	0.6485947245855576	0.6968964119740068	5.727594611672915
1	17.79560535147227	1.0167397527446014	1.6814540506029747	2.9088339920926214
2	17.79560535147227	0.6474904475598782	0.69457593666083	5.727594611672915
1	17.853085742139697	1.0173974775157277	1.6835692751513733	2.9088339920926214
2	17.853085742139697	0.6463833801175131	0.6922534885269502	5.727594611672915
1	17.910310958144166	1.0180556284143805	1.6856869912345485	2.9088339920926214
2	17.910310958144166	0.6452735231524015	0.6899290990601649	5.727594611672915
1	17.9672817080291	1.0187141946350131	1.6878071639632093	2.9088339920926214
2	17.9672817080291	0.6441608775559953	0.6876027998070362	5.727594611672915
1	18.023998695779646	1.0193731653769655	1.6899297583589619	2.9088339920926214
2	18.023998695779646	0.6430454442355544	0.6852746224109976	5.727594611672915
1	18.08046262263853	1.0200325298652508	1.6920547394210834	2.9088339920926214
2	18.08046262263853	0.6419272240790643	0.6829445985389403	5.727594611672915
1	18.136674185551946	1.0206922773323193	1.6941820720676544	2.9088339920926214
2	18.136674185551946	0.6408062179861158	0.6806127599456419	5.727594611672915
1	18.19263407774006	1.021352397024384	1.6963117211557652	2.9088339920926214
2	18.19263407774006	0.6396824268572845	0.6782791384514306	5.727594611672915
1	18.248342989210514	1.0220128782072595	1.698443651500216	2.9088339920926214
2	18.248342989210514	0.6385558515842188	0.6759437659215443	5.727594611672915
1	18.30380160559603	1.02267371015235	1.7005778278281585	2.9088339920926214
2	18.30380160559603	0.6374264930735634	0.6736066743156597	5.727594611672915
1	18.359010610244717	1.0233348821612616	1.702714214858426	2.9088339920926214
2	18.359010610244717	0.636294352204964	0.6712678956008509	5.727594611672915
1	18.41397068126922	1.023996383530326	1.704852777186809	2.9088339920926214
2	18.41397068126922	0.6351594298917665	0.668927461877045	5.727594611672915
1	18.468682494656612	1.0246582035875427	1.7069934794052743	2.9088339920926214
2	18.468682494656612	0.6340217270178189	0.6665854052463346	5.727594611672915
1	18.52314672178491	1.025320331662466	1.7091362860045	2.9088339920926214
2	18.52314672178491	0.6328812444891333	0.6642417579194869	5.727594611672915
1	18.577364031659656	1.0259827571129905	1.7112811614603838	2.9088339920926214
2	18.577364031659656	0.631737983187867	0.6618965521211295	5.727594611672915
1	18.631335088721723	1.026645469298424	1.7134280701467741	2.9088339920926214
2	18.631335088721723	0.6305919440187275	0.6595498201850277	5.727594611672915
1	18.685060554716003	1.0273084576019809	1.7155769764081596	2.9088339920926214
2	18.685060554716003	0.6294431278702125	0.657201594474422	5.727594611672915
1	18.7385410881755	1.0279717114243052	1.7177278445386075	2.9088339920926214
2	18.7385410881755	0.6282915356257343	0.6548519074049051	5.727594611672915
1	18.791777343658858	1.028635220173709	1.719880638749985	2.9088339920926214
2	18.791777343658858	0.6271371681805924	0.6525007914789585	5.727594611672915
1	18.84476997268288	1.0292989732773998	1.722035323208234	2.9088339920926214
2	18.84476997268288	0.6259800264225273	0.6501482792461382	5.727594611672915
1	18.89751962412112	1.0299629601863038	1.7241918620489554	2.9088339920926214
2	18.89751962412112	0.6248201112232309	0.6477944032859059	5.727594611672915
1	18.950026942379317	1.0306271703518353	1.726350219301856	2.9088339920926214
2	18.950026942379317	0.6236574234789101	0.6454391962899215	5.727594611672915
1	19.002292569386928	1.0312915932506008	1.7285103589708521	2.9088339920926214
2	19.002292569386928	0.6224919640671802	0.6430826909744152	5.727594611672915
1	19.05431714384308	1.0319562183746769	1.7306722450024072	2.9088339920926214
2	19.05431714384308	0.6213237338639969	0.6407249201145763	5.727594611672915
1	19.10610130111076	1.0326210352299356	1.732835841279972	2.9088339920926214
2	19.10610130111076	0.6201527337466074	0.6383659165504288	5.727594611672915
1	19.157645673448858	1.0332860333386866	1.7350011116324684	2.9088339920926214
2	19.157645673448858	0.6189789645889107	0.6360057131773893	5.727594611672915
1	19.208950890031723	1.0339512022396327	1.737168019834048	2.9088339920926214
2	19.208950890031723	0.6178024272615118	0.6336443429463433	5.727594611672915
1	19.260017577217656	1.0346165314910734	1.7393365296144383	2.9088339920926214
2	19.260017577217656	0.6166231226260158	0.631281838852189	5.727594611672915
1	19.310846357905206	1.0352820106622265	1.7415066046305647	2.9088339920926214
2	19.310846357905206	0.6154410515503724	0.6289182339645656	5.727594611672915
1	19.361437852218273	1.0359476293418157	1.7436782084944369	2.9088339920926214
2	19.361437852218273	0.6142562148936488	0.6265535613972751	5.727594611672915
1	19.411792677114512	1.03661337713264	1.7458513047553486	2.9088339920926214
2	19.411792677114512	0.6130686135156387	0.624187854327478	5.727594611672915
1	19.461911446735353	1.0372792436558567	1.748025856913757	2.9088339920926214
2	19.461911446735353	0.6118782482692104	0.6218211459803833	5.727594611672915
1	19.511794772870083	1.0379452185569145	1.7502018284405976	2.9088339920926214
2	19.511794772870083	0.6106851199895941	0.6194534696080454	5.727594611672915
1	19.56144326331658	1.0386112914833712	1.752379182704722	2.9088339920926214
2	19.56144326331658	0.6094892295340633	0.6170848585681238	5.727594611672915
1	19.610857523406704	1.0392774521048218	1.7545578830378898	2.9088339920926214
2	19.610857523406704	0.6082905777462767	0.6147153462529453	5.727594611672915
1	19.6600381557423	1.0399436901091155	1.75673789272234	2.9088339920926214
2	19.6600381557423	0.6070891654629598	0.6123449661028368	5.727594611672915
1	19.708985760255775	1.0406099952028853	1.7589191749924515	2.9088339920926214
2	19.708985760255775	0.6058849935128665	0.6099737516041216	5.727594611672915
1	19.757700934151707	1.0412763571104597	1.7611016930311063	2.9088339920926214
2	19.757700934151707	0.6046780627186628	0.6076017362928728	5.727594611672915
1	19.806184271143305	1.0419427655630225	1.763285409934086	2.9088339920926214
2	19.806184271143305	0.6034683739165503	0.6052289537933915	5.727594611672915
1	19.854436363015857	1.0426092103196738	1.765470288778971	2.9088339920926214
2	19.854436363015857	0.6022559279180537	0.6028554377431161	5.727594611672915
1	19.902457798623658	1.0432756811533994	1.7676562925791115	2.9088339920926214
2	19.902457798623658	0.6010407255353489	0.6004812218424412	5.727594611672915
1	19.950249164228904	1.0439421678553849	1.7698433842976846	2.9088339920926214
2	19.950249164228904	0.5998227675733672	0.5981063398392288	5.727594611672915
1	19.99781104294683	1.0446086602269007	1.7720315268209734	2.9088339920926214
2	19.99781104294683	0.5986020548445826	0.5957308255576026	5.727594611672915
1	20.04514401585479	1.0452751480944362	1.7742206830079539	2.9088339920926214
2	20.04514401585479	0.5973785881412735	0.5933547128438886	5.727594611672915
1	20.092248660899635	1.0459416212940462	1.7764108156388259	2.9088339920926214
2	20.092248660899635	0.5961523682641132	0.5909780356222736	5.727594611672915
1	20.13912555449163	1.0466080696935263	1.778601887487799	2.9088339920926214
2	20.13912555449163	0.5949233959813114	0.5886008278155938	5.727594611672915
1	20.18577526946948	1.0472744831632645	1.7807938612272294	2.9088339920926214
2	20.18577526946948	0.593691672082162	0.5862231234491395	5.727594611672915
1	20.232198376501298	1.0479408515956852	1.782986699491426	2.9088339920926214
2	20.232198376501298	0.5924571973412095	0.5838449565811865	5.727594611672915
1	20.278395443955308	1.0486071649031312	1.7851803648696387	2.9088339920926214
2	20.278395443955308	0.591219972521995	0.5814663613103869	5.727594611672915
1	20.32436703740217	1.0492734130103323	1.7873748198811834	2.9088339920926214
2	20.32436703740217	0.5899799983909454	0.5790873718025121	5.727594611672915
1	20.370113720057095	1.0499395858603708	1.789570026994995	2.9088339920926214
2	20.370113720057095	0.588737275706243	0.5767080222690159	5.727594611672915
1	20.41563605321221	1.0506056734206783	1.7917659486493278	2.9088339920926214
2	20.41563605321221	0.587491805206484	0.5743283469454548	5.727594611672915
1	20.46093459526472	1.0512716656685075	1.7939625472038048	2.9088339920926214
2	20.46093459526472	0.5862435876376856	0.5719483801432267	5.727594611672915
1	20.506009902340203	1.0519375525996042	1.7961597849679045	2.9088339920926214
2	20.506009902340203	0.5849926237370394	0.5695681562184507	5.727594611672915
1	20.55086252857461	1.052603324232053	1.798357624213587	2.9088339920926214
2	20.55086252857461	0.5837389142255338	0.5671877095580569	5.727594611672915
1	20.595493025414214	1.053268970595548	1.8005560271398138	2.9088339920926214
2	20.595493025414214	0.5824824598280098	0.5648070746179791	5.727594611672915
1	20.639901941977094	1.0539344817363012	1.8027549558886442	2.9088339920926214
2	20.639901941977094	0.5812232612638847	0.5624262859054648	5.727594611672915
1	20.684089825907815	1.0545998477295355	1.804954372586459	2.9088339920926214
2	20.684089825907815	0.5799613192233347	0.5600453779342063	5.727594611672915
1	20.728057221754725	1.0552650586547656	1.8071542392621975	2.9088339920926214
2	20.728057221754725	0.5786966344139686	0.5576643853126132	5.727594611672915
1	20.771804672683793	1.0559301046212068	1.809354517931268	2.9088339920926214
2	20.771804672683793	0.5774292075125255	0.5552833426527267	5.727594611672915
1	20.815332718590394	1.0565949757387663	1.8115551704995168	2.9088339920926214
2	20.815332718590394	0.5761590392199563	0.5529022846738971	5.727594611672915
1	20.85864189839797	1.0572596621526087	1.8137561588775108	2.9088339920926214
2	20.85864189839797	0.574886130195411	0.5505212460788581	5.727594611672915
1	20.901732748252407	1.0579241540152766	1.8159574448882034	2.9088339920926214
2	20.901732748252407	0.5736104811092845	0.5481402616533853	5.727594611672915
1	20.9446058025054	1.0585884415013203	1.8181589903152782	2.9088339920926214
2	20.9446058025054	0.5723320926151303	0.5457593662137283	5.727594611672915
1	20.98726159298183	1.059252514795572	1.8203607568642122	2.9088339920926214
2	20.98726159298183	0.5710509653720685	0.5433785946484613	5.727594611672915
1	21.0297006499848	1.05991636410833	1.8225627062125127	2.9088339920926214
2	21.0297006499848	0.5697671000154207	0.5409979818638897	5.727594611672915
1	21.07192350184054	1.060579979667973	1.82476479998518	2.9088339920926214
2	21.07192350184054	0.5684804971707134	0.5386175628103281	5.727594611672915
1	21.113930674659994	1.061243351716792	1.8269669997407825	2.9088339920926214
2	21.113930674659994	0.5671911574616307	0.5362373724968802	5.727594611672915
1	21.15572269268276	1.0619064705159653	1.829169266987869	2.9088339920926214
2	21.15572269268276	0.5658990815002514	0.5338574459734241	5.727594611672915
1	21.19730007804126	1.0625693263414093	1.8313715631711054	2.9088339920926214
2	21.19730007804126	0.5646042698949764	0.5314778183453203	5.727594611672915
1	21.238663351402536	1.0632319094936045	1.8335738497038305	2.9088339920926214
2	21.238663351402536	0.5633067232311794	0.5290985247379582	5.727594611672915
1	21.279813030996053	1.063894210281663	1.835776087915024	2.9088339920926214
2	21.279813030996053	0.5620064421021955	0.5267196003537775	5.727594611672915
1	21.320749633721796	1.0645562190406606	1.83797823910682	2.9088339920926214
2	21.320749633721796	0.5607034270752252	0.52434108040985	5.727594611672915
1	21.36147367392395	1.0652179261114443	1.8401802644872645	2.9088339920926214
2	21.36147367392395	0.5593976787308547	0.5219630002102301	5.727594611672915
1	21.401985665082456	1.065879321867613	1.8423821252599772	2.9088339920926214
2	21.401985665082456	0.5580891976097427	0.519585395048829	5.727594611672915
1	21.442286118331133	1.0665403966910916	1.8445837825427933	2.9088339920926214
2	21.442286118331133	0.5567779842605742	0.5172083002969966	5.727594611672915
1	21.48237554325377	1.0672011409846367	1.8467851974092786	2.9088339920926214
2	21.48237554325377	0.5554640392152201	0.5148317513583943	5.727594611672915
1	21.52225444737004	1.0678615451629545	1.8489863308590417	2.9088339920926214
2	21.52225444737004	0.5541473630062079	0.5124557837007523	5.727594611672915
1	21.561923336759378	1.068521599662544	1.8511871438504237	2.9088339920926214
2	21.561923336759378	0.552827956146985	0.510080432820282	5.727594611672915
1	21.601382715999257	1.0691812949403339	1.853387597295875	2.9088339920926214
2	21.601382715999257	0.5515058191343604	0.5077057342463743	5.727594611672915
1	21.64063308753477	1.0698406214627043	1.8555876520252277	2.9088339920926214
2	21.64063308753477	0.5501809524703317	0.5053317235809338	5.727594611672915
1	21.679674952613553	1.0704995697206754	1.8577872688362511	2.9088339920926214
2	21.679674952613553	0.5488533566314654	0.5029584364435139	5.727594611672915
1	21.718508810783682	1.0711581302211064	1.8599864084651938	2.9088339920926214
2	21.718508810783682	0.5475230320863164	0.5005859085028036	5.727594611672915
1	21.75713515965604	1.0718162934821591	1.8621850315715014	2.9088339920926214
2	21.75713515965604	0.5461899793044777	0.49821417549279845	5.727594611672915
1	21.795554496041458	1.0724740500522227	1.8643830988009253	2.9088339920926214
2	21.795554496041458	0.544854198718061	0.49584327314441	5.727594611672915
1	21.833767314401005	1.073131390483056	1.8665805706956806	2.9088339920926214
2	21.833767314401005	0.543515690775912	0.4934732372820658	5.727594611672915
1	21.871774107951563	1.073788305348158	1.8687774077556936	2.9088339920926214
2	21.871774107951563	0.5421744559062271	0.4911041037573195	5.727594611672915
1	21.909575368795398	1.0744447852446823	1.8709735704449093	2.9088339920926214
2	21.909575368795398	0.5408304945123058	0.4887359084417363	5.727594611672915
1	21.94717158698352	1.075100820776753	1.8731690191353687	2.9088339920926214
2	21.94717158698352	0.5394838070064558	0.4863686872868759	5.727594611672915
1	21.984563251752057	1.0757564025764934	1.8753637141774318	2.9088339920926214
2	21.984563251752057	0.5381343937667253	0.4840024762482411	5.727594611672915
1	22.021750850261178	1.0764115212815597	1.8775576158244613	2.9088339920926214
2	22.021750850261178	0.53678225518282	0.4816373113661582	5.727594611672915
1	22.058734868492365	1.077066167550321	1.8797506842834948	2.9088339920926214
2	22.058734868492365	0.5354273916247495	0.4792732287108074	5.727594611672915
1	22.095515791527884	1.0777203320664688	1.8819428797305757	2.9088339920926214
2	22.095515791527884	0.5340698034329315	0.47691026436536726	5.727594611672915
1	22.132094102611674	1.078374005521926	1.8841341622533685	2.9088339920926214
2	22.132094102611674	0.5327094909533449	0.47454845448753746	5.727594611672915
1	22.16847028391317	1.0790271786299166	1.8863244918948041	2.9088339920926214
2	22.16847028391317	0.5313464545102454	0.47218783526214875	5.727594611672915
1	22.204644815751287	1.079679842110566	1.8885138286046514	2.9088339920926214
2	22.204644815751287	0.5299806944359883	0.4698284429530137	5.727594611672915
1	22.240618178108694	1.0803319867177041	1.8907021323292779	2.9088339920926214
2	22.240618178108694	0.528612211014764	0.4674703138058457	5.727594611672915
1	22.276390849214753	1.080983603212922	1.8928893629244956	2.9088339920926214
2	22.276390849214753	0.5272410045365424	0.4651134841418363	5.727594611672915
1	22.31196330560641	1.0816346823659917	1.895075480156776	2.9088339920926214
2	22.31196330560641	0.5258670752962139	0.46275799035598536	5.727594611672915
1	22.347336023446342	1.0822852149784792	1.8972604437823761	2.9088339920926214
2	22.347336023446342	0.5244904235435658	0.46040386883148693	5.727594611672915
1	22.38250947724808	1.0829351918600105	1.8994442134675107	2.9088339920926214
2	22.38250947724808	0.5231110495330293	0.4580511560253874	5.727594611672915
1	22.41748414044656	1.083584603838197	1.9016267488215128	2.9088339920926214
2	22.41748414044656	0.5217289535025396	0.45569988843249293	5.727594611672915
1	22.45226048536414	1.0842334417575452	1.9038080093930145	2.9088339920926214
2	22.45226048536414	0.5203441356755765	0.4533501025891208	5.727594611672915
1	22.486838983430317	1.084881696483102	1.9059879546820517	2.9088339920926214
2	22.486838983430317	0.5189565962530874	0.4510018350596939	5.727594611672915
1	22.52122010448038	1.0855293588868162	1.908166544094027	2.9088339920926214
2	22.52122010448038	0.5175663354424317	0.4486551224859617	5.727594611672915
1	22.55540431781465	1.086176419866908	1.9103437370046847	2.9088339920926214
2	22.55540431781465	0.5161733534156555	0.44631000151663597	5.727594611672915
1	22.589392091252893	1.0868228703295815	1.9125194926984266	2.9088339920926214
2	22.589392091252893	0.5147776503484675	0.44396650887346	5.727594611672915
1	22.623183891799858	1.0874687012010709	1.9146937704086568	2.9088339920926214
2	22.623183891799858	0.5133792263941153	0.4416246813073707	5.727594611672915
1	22.656780185452295	1.088113903423512	1.9168665293037208	2.9088339920926214
2	22.656780185452295	0.5119780816919803	0.4392845556132638	5.727594611672915
1	22.690181437309633	1.0887584679565692	1.9190377284922016	2.9088339920926214
2	22.690181437309633	0.5105742163637715	0.4369461686239042	5.727594611672915
1	22.723388111414927	1.0894023857738648	1.9212073270107168	2.9088339920926214
2	22.723388111414927	0.509167630521016	0.43460955722268085	5.727594611672915
1	22.756400670841778	1.090045647864114	1.9233752838275429	2.9088339920926214
2	22.756400670841778	0.5077583242623666	0.4322747583393128	5.727594611672915
1	22.789219577727344	1.0906882452312334	1.92554155784279	2.9088339920926214
2	22.789219577727344	0.5063462976731142	0.42994180894926576	5.727594611672915
1	22.821845293648224	1.091330168901217	1.9277061079113982	2.9088339920926214
2	22.821845293648224	0.504931550809754	0.4276107460485914	5.727594611672915
1	22.85427827870437	1.09197140990361	1.929868892780474	2.9088339920926214
2	22.85427827870437	0.5035140837405125	0.42528160672101195	5.727594611672915
1	22.88651899297305	1.0926119592996406	1.9320298711839592	2.9088339920926214
2	22.88651899297305	0.5020938964830001	0.42295442803556504	5.727594611672915
1	22.918567895025166	1.0932518081523894	1.9341890017418237	2.9088339920926214
2	22.918567895025166	0.5006709890698285	0.42062924715476185	5.727594611672915
1	22.950425443083184	1.0938909475492056	1.9363462430354745	2.9088339920926214
2	22.950425443083184	0.4992453614987038	0.4183061012529677	5.727594611672915
1	22.98209209412808	1.0945293685833375	1.9385015535455632	2.9088339920926214
2	22.98209209412808	0.4978170137729968	0.4159850275829678	5.727594611672915
1	23.013568304837396	1.0951670623722096	1.9406548917134616	2.9088339920926214
2	23.013568304837396	0.496385945860695	0.4136660634093496	5.727594611672915
1	23.044854530932188	1.095804020043769	1.9428062158949657	2.9088339920926214
2	23.044854530932188	0.494952157724581	0.41134924605794265	5.727594611672915
1	23.075951227623765	1.0964402327449838	1.9449554843887749	2.9088339920926214
2	23.075951227623765	0.49351564930287595	0.4090346128847296	5.727594611672915
1	23.1068588490267	1.0970756916292894	1.9471026553938677	2.9088339920926214
2	23.1068588490267	0.4920764205372758	0.40672220132132747	5.727594611672915
1	23.137577849102414	1.0977103878753658	1.9492476870727171	2.9088339920926214
2	23.137577849102414	0.49063447133022065	0.40441204880648396	5.727594611672915
1	23.16810868082794	1.0983443126695318	1.951390537491587	2.9088339920926214
2	23.16810868082794	0.48918980158440656	0.40210419284994736	5.727594611672915
1	23.198451796884072	1.0989774572193987	1.9535311646664462	2.9088339920926214
2	23.198451796884072	0.4877424111714695	0.399798670982588	5.727594611672915
1	23.228607648889884	1.099609812737374	1.9556695265069786	2.9088339920926214
2	23.228607648889884	0.48629229996932205	0.39749552081626804	5.727594611672915
1	23.258576688257055	1.1002413704578942	1.95780558087461	2.9088339920926214
2	23.258576688257055	0.4848394678224871	0.39519477998090996	5.727594611672915
1	23.288359365795284	1.1008721216286605	1.9599392855526503	2.9088339920926214
2	23.288359365795284	0.48338391456176444	0.39289648615621664	5.727594611672915
1	23.31795613168957	1.1015020575095453	1.9620705982423559	2.9088339920926214
2	23.31795613168957	0.48192564000648497	0.3906006770754733	5.727594611672915
1	23.34736743574073	1.102131169377113	1.9641994765779875	2.9088339920926214
2	23.34736743574073	0.48046464395374827	0.38830739050888513	5.727594611672915
1	23.37659372715283	1.1027594485195138	1.966325878109298	2.9088339920926214
2	23.37659372715283	0.4790009261899174	0.38601666428199805	5.727594611672915
1	23.40563545475035	1.1033868862405325	1.9684497603149902	2.9088339920926214
2	23.40563545475035	0.4775344864809041	0.38372853626075387	5.727594611672915
1	23.434493066888155	1.1040134738570742	1.9705710805939698	2.9088339920926214
2	23.434493066888155	0.47606532457767703	0.3814430443604652	5.727594611672915
1	23.463167011527933	1.104639202700216	1.972689796268665	2.9088339920926214
2	23.463167011527933	0.4745934402134739	0.3791602265417883	5.727594611672915
1	23.49165773624528	1.10526406411477	1.9748058645832973	2.9088339920926214
2	23.49165773624528	0.4731188331044823	0.37688012081213235	5.727594611672915
1	23.519965688124536	1.1058880494563494	1.9769192426937103	2.9088339920926214
2	23.519965688124536	0.4716415029564446	0.37460276523616687	5.727594611672915
1	23.548091314066674	1.1065111500975255	1.9790298876879666	2.9088339920926214
2	23.548091314066674	0.4701614494497737	0.37232819791317	5.727594611672915
1	23.57603506057175	1.1071333574224416	1.9811377565678674	2.9088339920926214
2	23.57603506057175	0.46867867225191967	0.37005645699648504	5.727594611672915
1	23.603797373776285	1.1077546628269836	1.98324280624928	2.9088339920926214
2	23.603797373776285	0.4671931710166744	0.3677875806927089	5.727594611672915
1	23.631378699735702	1.1083750577244853	1.9853449935812202	2.9088339920926214
2	23.631378699735702	0.4657049453701659	0.3655216072406645	5.727594611672915
1	23.658779484037954	1.1089945335364486	1.9874442753141675	2.9088339920926214
2	23.658779484037954	0.4642139949326925	0.36325857494508895	5.727594611672915
1	23.686000172111036	1.1096130816987892	1.9895406081209766	2.9088339920926214
2	23.686000172111036	0.4627203193034438	0.36099852215363176	5.727594611672915
1	23.71304120926139	1.1102306936621134	1.9916339485975745	2.9088339920926214
2	23.71304120926139	0.46122391805939666	0.3587414872556367	5.727594611672915
1	23.73990304043215	1.1108473608855567	1.9937242532418318	2.9088339920926214
2	23.73990304043215	0.45972479076986533	0.3564875087044562	5.727594611672915
1	23.766586110443896	1.111463074841596	1.9958114784696266	2.9088339920926214
2	23.766586110443896	0.4582229369845344	0.3542366249996694	5.727594611672915
1	23.79309086399506	1.1120778270154228	1.9978955806124794	2.9088339920926214
2	23.79309086399506	0.4567183562345782	0.3519888746891634	5.727594611672915
1	23.819417745812725	1.112691608907815	1.9999765159270475	2.9088339920926214
2	23.819417745812725	0.4552110480251984	0.349744296358425	5.727594611672915
1	23.845567200274758	1.1133044120256765	2.002054240562815	2.9088339920926214
2	23.845567200274758	0.4537010118584432	0.3475029286649228	5.727594611672915
1	23.87153967173626	1.1139162278889179	2.0041287105851784	2.9088339920926214
2	23.87153967173626	0.45218824721602313	0.3452648103127426	5.727594611672915
1	23.897335604598393	1.114527048031437	2.0061998819785423	2.9088339920926214
2	23.897335604598393	0.4506727535564312	0.3430299800487791	5.727594611672915
1	23.922955443150496	1.1151368639967236	2.0082677106311815	2.9088339920926214
2	23.922955443150496	0.4491545303254117	0.34079847667860064	5.727594611672915
1	23.94839963172681	1.1157456673408703	2.010332152345227	2.9088339920926214
2	23.94839963172681	0.4476335769481037	0.33857033905520834	5.727594611672915
1	23.97366861461642	1.1163534496297327	2.0123931628268075	2.9088339920926214
2	23.97366861461642	0.44610989283571867	0.33634560608921116	5.727594611672915
1	23.998762836099733	1.116960202439065	2.0144506976862924	2.9088339920926214
2	23.998762836099733	0.4445834773848499	0.33412431674810084	5.727594611672915
1	24.0236827406263	1.1175659173581085	2.0165047124502467	2.9088339920926214
2	24.0236827406263	0.4430543299680367	0.33190651004288624	5.727594611672915
1	24.048428772631002	1.1181705859844346	2.0185551625437297	2.9088339920926214
2	24.048428772631002	0.44152244994632034	0.32969222504673856	5.727594611672915
1	24.07300137671448	1.1187741999275953	2.0206020033024736	2.9088339920926214
2	24.07300137671448	0.4399878366596313	0.3274815008813867	5.727594611672915
1	24.097400997545336	1.1193767508060024	2.022645189962104	2.9088339920926214
2	24.097400997545336	0.4384504894342726	0.32527437672829923	5.727594611672915
1	24.121628080060212	1.1199782302511248	2.024684677672177	2.9088339920926214
2	24.121628080060212	0.43691040757179495	0.3230708918130667	5.727594611672915
1	24.14568306911844	1.1205786298981693	2.0267204214644017	2.9088339920926214
2	24.14568306911844	0.43536759037241707	0.32087108543928466	5.727594611672915
1	24.169566410034623	1.1211779413985525	2.0287523762947512	2.9088339920926214
2	24.169566410034623	0.43382203710265277	0.31867499694260365	5.727594611672915
1	24.19327854804772	1.1217761564058768	2.0307804969957455	2.9088339920926214
2	24.19327854804772	0.43227374703093496	0.31648266574185246	5.727594611672915
1	24.216819929002487	1.1223732665922828	2.032804738331737	2.9088339920926214
2	24.216819929002487	0.4307227193849574	0.31429413127883976	5.727594611672915
1	24.240190998658345	1.12296926363024	2.0348250549370284	2.9088339920926214
2	24.240190998658345	0.4291689533983504	0.3121094330848118	5.727594611672915
1	24.263392203329442	1.1235641392079676	2.036841401368012	2.9088339920926214
2	24.263392203329442	0.4276124482702196	0.30992861072364974	5.727594611672915
1	24.28642398948771	1.1241578850185552	2.038853732066167	2.9088339920926214
2	24.28642398948771	0.4260532031929814	0.30775170383145334	5.727594611672915
1	24.309286803805144	1.1247504927601433	2.040862001358559	2.9088339920926214
2	24.309286803805144	0.42449121735160555	0.3055787521155893	5.727594611672915
1	24.331981093707217	1.1253419541494682	2.0428661635036462	2.9088339920926214
2	24.331981093707217	0.42292648988741205	0.30340979530471507	5.727594611672915
1	24.35450730662574	1.125932260901682	2.0448661726227986	2.9088339920926214
2	24.35450730662574	0.421359019950774	0.3012448732224594	5.727594611672915
1	24.376865890465915	1.126521404741583	2.0468619827382937	2.9088339920926214
2	24.376865890465915	0.41978880667111845	0.2990840257459181	5.727594611672915
1	24.399057293685285	1.1271093774049141	2.0488535477776493	2.9088339920926214
2	24.399057293685285	0.4182158491528725	0.29692729280055874	5.727594611672915
1	24.421081965037164	1.1276961706307371	2.0508408215477565	2.9088339920926214
2	24.421081965037164	0.4166401464953112	0.29477471438784075	5.727594611672915
1	24.442940353852443	1.1282817761680197	2.052823757757166	2.9088339920926214
2	24.442940353852443	0.4150616977744747	0.29262633056070453	5.727594611672915
1	24.464632909913927	1.1288661857714344	2.054802310001858	2.9088339920926214
2	24.464632909913927	0.4134805020539036	0.2904821814386126	5.727594611672915
1	24.486160083476555	1.1294493912009818	2.056776431763984	2.9088339920926214
2	24.486160083476555	0.41189655838521005	0.28834230720855897	5.727594611672915
1	24.50752232547834	1.1300313842268108	2.058746076428221	2.9088339920926214
2	24.50752232547834	0.41030986579445367	0.2862067481069899	5.727594611672915
1	24.52872008718593	1.1306121566186713	2.0607111972461327	2.9088339920926214
2	24.52872008718593	0.4087204233103357	0.28407554445810534	5.727594611672915
1	24.5497538206659	1.1311917001578227	2.062671747376555	2.9088339920926214
2	24.5497538206659	0.40712822993122244	0.28194873662974496	5.727594611672915
1	24.570623978472135	1.1317700066275684	2.06462767985367	2.9088339920926214
2	24.570623978472135	0.4055332846504555	0.2798263650676923	5.727594611672915
1	24.591331013829617	1.1323470678173386	2.0665789476009557	2.9088339920926214
2	24.591331013829617	0.40393558644466054	0.2777084702802503	5.727594611672915
1	24.611875380699253	1.1329228755235707	2.068525503434318	2.9088339920926214
2	24.611875380699253	0.40233513427068524	0.275595092834546	5.727594611672915
1	24.632257533549854	1.1334974215423428	2.070467300037376	2.9088339920926214
2	24.632257533549854	0.4007319270855144	0.27348627338309234	5.727594611672915
1	24.652477927773866	1.1340706976800554	2.072404289997789	2.9088339920926214
2	24.652477927773866	0.3991259638159831	0.271382052624089	5.727594611672915
1	24.67253701935162	1.1346426957429967	2.074336425772233	2.9088339920926214
2	24.67253701935162	0.39751724338726646	0.26928247133921246	5.727594611672915
1	24.692435265026145	1.1352134075412281	2.076263659699824	2.9088339920926214
2	24.692435265026145	0.39590576471151817	0.26718757037882374	5.727594611672915
1	24.712173122364113	1.1357828248893136	2.0781859440048933	2.9088339920926214
2	24.712173122364113	0.39429152668519024	0.2650973906587432	5.727594611672915
1	24.731751049739675	1.1363509396048304	2.0801032307923135	2.9088339920926214
2	24.731751049739675	0.3926745281925987	0.2630119731651451	5.727594611672915
1	24.75116950627607	1.136917743505593	2.082015472038524	2.9088339920926214
2	24.75116950627607	0.3910547681132475	0.26093135896415803	5.727594611672915
1	24.77042895205528	1.1374832284146716	2.0839226196088974	2.9088339920926214
2	24.77042895205528	0.38943224530690534	0.2588555891828318	5.727594611672915
1	24.789529848002193	1.138047386155949	2.085824625243219	2.9088339920926214
2	24.789529848002193	0.3878069586256134	0.2567847050248098	5.727594611672915
1	24.808472655928853	1.1386102085542884	2.0877214405567797	2.9088339920926214
2	24.808472655928853	0.3861789069126039	0.2547187477690506	5.727594611672915
1	24.827257838565853	1.139171687435324	2.0896130170402323	2.9088339920926214
2	24.827257838565853	0.38454808900227616	0.2526577587699134	5.727594611672915
1	24.84588585968574	1.1397318146280186	2.0914993060688225	2.9088339920926214
2	24.84588585968574	0.3829145037120614	0.2506017794470548	5.727594611672915
1	24.864357183915413	1.1402905819578797	2.0933802588801966	2.9088339920926214
2	24.864357183915413	0.38127814986148495	0.24855085130959353	5.727594611672915
1	24.882672277028714	1.140847981254585	2.0952558266008015	2.9088339920926214
2	24.882672277028714	0.37963902624921414	0.24650501592734667	5.727594611672915
1	24.900831605607237	1.141404004340488	2.0971259602079653	2.9088339920926214
2	24.900831605607237	0.3779971316860975	0.24446431497222662	5.727594611672915
1	24.918835637611156	1.1419586430468178	2.0989906105852314	2.9088339920926214
2	24.918835637611156	0.37635246494670827	0.2424287901579471	5.727594611672915
1	24.936684841775705	1.1425118891939696	2.100849728456952	2.9088339920926214
2	24.936684841775705	0.374705024826801	0.24039848331150032	5.727594611672915
1	24.954379688125545	1.1430637346060346	2.1027032644381025	2.9088339920926214
2	24.954379688125545	0.3730548100995976	0.23837343631893518	5.727594611672915
1	24.971920647785485	1.1436141711037227	2.104551169011501	2.9088339920926214
2	24.971920647785485	0.3714018195359542	0.23635369115039687	5.727594611672915
1	24.989308193053596	1.1441631905053333	2.106393392532156	2.9088339920926214
2	24.989308193053596	0.3697460519006974	0.23433928985559627	5.727594611672915
1	25.006542797269567	1.1447107846212365	2.108229885209912	2.9088339920926214
2	25.006542797269567	0.36808750596853546	0.23233027458305072	5.727594611672915
1	25.02362493519765	1.1452569452646515	2.1100605971468416	2.9088339920926214
2	25.02362493519765	0.36642618049067127	0.23032668753949112	5.727594611672915
1	25.040555082762843	1.1458016642419606	2.11188547830605	2.9088339920926214
2	25.040555082762843	0.3647620742231689	0.22832857102430973	5.727594611672915
1	25.05733371707118	1.146344933351882	2.113704478510315	2.9088339920926214
2	25.05733371707118	0.36309518592879236	0.22633596743146098	5.727594611672915
1	25.07396131664609	1.1468867443916757	2.115517547464348	2.9088339920926214
2	25.07396131664609	0.361425514357135	0.22434891922551894	5.727594611672915
1	25.090438361265186	1.147427089150444	2.1173246347339143	2.9088339920926214
2	25.090438361265186	0.3597530582642236	0.22236746896502724	5.727594611672915
1	25.10676533210864	1.1479659594124911	2.119125689758729	2.9088339920926214
2	25.10676533210864	0.35807781640126446	0.2203916592889042	5.727594611672915
1	25.1229427116225	1.1485033469513146	2.1209206618341208	2.9088339920926214
2	25.1229427116225	0.35639978753237095	0.21842153293715247	5.727594611672915
1	25.1389709838147	1.1490392435378773	2.1227095001405156	2.9088339920926214
2	25.1389709838147	0.3547189704078325	0.21645713271915223	5.727594611672915
1	25.154850633948527	1.1495736409288622	2.12449215370616	2.9088339920926214
2	25.154850633948527	0.3530353637998323	0.2144985015552905	5.727594611672915
1	25.1705821489444	1.1501065308785374	2.1262685714487772	2.9088339920926214
2	25.1705821489444	0.35134896646419833	0.21254568243198074	5.727594611672915
1	25.186166016974692	1.150637905123487	2.1280387021268092	2.9088339920926214
2	25.186166016974692	0.3496597771875248	0.21059871845607736	5.727594611672915
1	25.201602727955176	1.1511677553976125	2.1298024943917087	2.9088339920926214
2	25.201602727955176	0.3479677947386467	0.20865765279829174	5.727594611672915
1	25.216892773204037	1.1516960734188806	2.1315598967461766	2.9088339920926214
2	25.216892773204037	0.3462730179095826	0.20672252874008495	5.727594611672915
1	25.232036645640708	1.152222850894376	2.133310857563538	2.9088339920926214
2	25.232036645640708	0.344575445498421	0.20479338965340874	5.727594611672915
1	25.24703483979031	1.152748079518734	2.135055325085178	2.9088339920926214
2	25.24703483979031	0.3428750763131698	0.20287027900464485	5.727594611672915
1	25.261887851817445	1.153271750973548	2.1367932474213633	2.9088339920926214
2	25.261887851817445	0.3411719091724741	0.20095324035489523	5.727594611672915
1	25.276596179517664	1.1537938569252488	2.138524572547138	2.9088339920926214
2	25.276596179517664	0.33946594291130483	0.19904231736579509	5.727594611672915
1	25.291160322419667	1.154314389026871	2.140249248311258	2.9088339920926214
2	25.291160322419667	0.33775717637395875	0.19713755379102152	5.727594611672915
1	25.305580781716944	1.154833338913735	2.1419672224251096	2.9088339920926214
2	25.305580781716944	0.33604560842690623	0.19523899348998408	5.727594611672915
1	25.319858060401934	1.1553506982063184	2.1436784424756072	2.9088339920926214
2	25.319858060401934	0.33433123794806757	0.1933466804151318	5.727594611672915
1	25.33399266317559	1.1558664585050258	2.1453828559114365	2.9088339920926214
2	25.33399266317559	0.3326140638427469	0.19146065862880712	5.727594611672915
1	25.34798509662352	1.156380611394573	2.14708041006127	2.9088339920926214
2	25.34798509662352	0.3308940850277173	0.18958097228484821	5.727594611672915
1	25.36183586910425	1.1568931484378704	2.1487710521174463	2.9088339920926214
2	25.36183586910425	0.3291713004501546	0.18770766564850094	5.727594611672915
1	25.375545490867484	1.1574040611782521	2.1504547291474165	2.9088339920926214
2	25.375545490867484	0.3274457090787866	0.18584078308571403	5.727594611672915
1	25.389114474076493	1.1579133411381943	2.152131388093771	2.9088339920926214
2	25.389114474076493	0.3257173099066508	0.18398036906517654	5.727594611672915
1	25.402543332793854	1.158420979816593	2.153800975769732	2.9088339920926214
2	25.402543332793854	0.3239861019587757	0.18212646816551242	5.727594611672915
1	25.415832583048882	1.158926968689051	2.155463438864769	2.9088339920926214
2	25.415832583048882	0.32225208428966273	0.18027912507137028	5.727594611672915
1	25.428982742856842	1.159431299206329	2.1571187239443725	2.9088339920926214
2	25.428982742856842	0.32051525598694935	0.17843838457611733	5.727594611672915
1	25.44199433228587	1.159933962794582	2.1587667774559187	2.9088339920926214
2	25.44199433228587	0.318775616168884	0.17660429157789156	5.727594611672915
1	25.454867873436218	1.160434950852192	2.1604075457235816	2.9088339920926214
2	25.454867873436218	0.31703316399350756	0.17477689108796918	5.727594611672915
1	25.4676038904284	1.1609342547468164	2.1620409749442326	2.9088339920926214
2	25.4676038904284	0.3152878986672527	0.17295622823820625	5.727594611672915
1	25.480202909659194	1.16143186582293	2.1636670112179015	2.9088339920926214
2	25.480202909659194	0.3135398194167384	0.1711423482500905	5.727594611672915
1	25.492665459509507	1.1619277753878243	2.165285600508017	2.9088339920926214
2	25.492665459509507	0.3117889255358566	0.1693352964822171	5.727594611672915
1	25.504992070612612	1.1624219747195323	2.166896688673633	2.9088339920926214
2	25.504992070612612	0.31003521635618575	0.16753511839768392	5.727594611672915
1	25.517183275875144	1.1629144550650992	2.1685002214703033	2.9088339920926214
2	25.517183275875144	0.30827869125089735	0.16574185956655926	5.727594611672915
1	25.529239610343364	1.163405207632462	2.1700961445304734	2.9088339920926214
2	25.529239610343364	0.3065193496616316	0.16395556569145966	5.727594611672915
1	25.54116161140592	1.1638942235958214	2.171684403388119	2.9088339920926214
2	25.54116161140592	0.3047571910773424	0.16217628258384423	5.727594611672915
1	25.55294981873343	1.1643814940903565	2.173264943468972	2.9088339920926214
2	25.55294981873343	0.3029922150510549	0.1604040561789634	5.727594611672915
1	25.56460477440536	1.1648670102145364	2.1748377101057508	2.9088339920926214
2	25.56460477440536	0.3012244211892773	0.1586389325229971	5.727594611672915
1	25.57612702283878	1.1653507630242057	2.1764026485270174	2.9088339920926214
2	25.57612702283878	0.2994538091711294	0.15688095778995148	5.727594611672915
1	25.587517110865413	1.1658327435327047	2.1779597038659624	2.9088339920926214
2	25.587517110865413	0.2976803787456714	0.1551301782764296	5.727594611672915
1	25.59877558779612	1.1663129427104733	2.1795088211678277	2.9088339920926214
2	25.59877558779612	0.29590412973091157	0.1533866403981141	5.727594611672915
1	25.609903005403627	1.166791351481125	2.181049945386285	2.9088339920926214
2	25.609903005403627	0.29412506202578786	0.15165039069888678	5.727594611672915
1	25.620899918002937	1.1672679607215999	2.1825830213933544	2.9088339920926214
2	25.620899918002937	0.29234317560708545	0.14992147584494608	5.727594611672915
1	25.63176688242584	1.1677427612576998	2.1841079939748305	2.9088339920926214
2	25.63176688242584	0.2905584705434906	0.14819994263548641	5.727594611672915
1	25.642504458176507	1.1682157438674348	2.185624807851205	2.9088339920926214
2	25.642504458176507	0.28877094698033134	0.14648583798484968	5.727594611672915
1	25.65311320731263	1.1686868992723196	2.187133407660288	2.9088339920926214
2	25.65311320731263	0.2869806051695513	0.14477920894816118	5.727594611672915
1	25.66359369462502	1.1691562181416808	2.1886337379820113	2.9088339920926214
2	25.66359369462502	0.2851874454506413	0.14308010269958696	5.727594611672915
1	25.67394648751594	1.169623691083545	2.1901257433206776	2.9088339920926214
2	25.67394648751594	0.28339146828243933	0.1413885665589815	5.727594611672915
1	25.684172156225884	1.1700893086510296	2.191609368137227	2.9088339920926214
2	25.684172156225884	0.28159267421574297	0.1397046479621799	5.727594611672915
1	25.694271273708484	1.170553061332861	2.1930845568312507	2.9088339920926214
2	25.694271273708484	0.2797910639266287	0.1380283944885106	5.727594611672915
1	25.704244415767846	1.171014939555644	2.1945512537609906	2.9088339920926214
2	25.704244415767846	0.2779866382046493	0.13635985384553992	5.727594611672915
1	25.71409216102135	1.1714749336780936	2.1960094032382287	2.9088339920926214
2	25.71409216102135	0.2761793979720764	0.13469907388263236	5.727594611672915
1	25.723815091014444	1.1719330339921954	2.1974589495456978	2.9088339920926214
2	25.723815091014444	0.27436934427612253	0.13304610257921887	5.727594611672915
1	25.7334137902351	1.172389230719676	2.198899836940089	2.9088339920926214
2	25.7334137902351	0.27255647829935137	0.1314009880497538	5.727594611672915
1	25.742888846065714	1.1728435140053133	2.2003320096456784	2.9088339920926214
2	25.742888846065714	0.2707408013828739	0.1297637785597719	5.727594611672915
1	25.75224084897856	1.1732958739217683	2.2017554118848683	2.9088339920926214
2	25.75224084897856	0.268922315003656	0.1281345225001271	5.727594611672915
1	25.76147039242788	1.1737463004598498	2.2031699878633284	2.9088339920926214
2	25.76147039242788	0.267101020809841	0.1265132684134568	5.727594611672915
1	25.770578073012437	1.1741947835316797	2.2045756817963684	2.9088339920926214
2	25.770578073012437	0.265276920604436	0.12490006497386791	5.727594611672915
1	25.77956449040182	1.1746413129622906	2.205972437899546	2.9088339920926214
2	25.77956449040182	0.2634500163756045	0.12329496100796442	5.727594611672915
1	25.788430247490137	1.1750858784922698	2.207360200414548	2.9088339920926214
2	25.788430247490137	0.26162031028216975	0.12169800547582031	5.727594611672915
1	25.797175950334786	1.1755284697696826	2.208738913602131	2.9088339920926214
2	25.797175950334786	0.2597878046828208	0.12010924749018002	5.727594611672915
1	25.805802208269412	1.1759690763505428	2.210108521762455	2.9088339920926214
2	25.805802208269412	0.25795250213036997	0.11852873630460338	5.727594611672915
1	25.814309633884587	1.1764076876925251	2.211468969235006	2.9088339920926214
2	25.814309633884587	0.2561144053938996	0.116956521325542	5.727594611672915
1	25.82269884317612	1.1768442931571539	2.2128202004255404	2.9088339920926214
2	25.82269884317612	0.25427351744555754	0.11539265209366828	5.727594611672915
1	25.830970455401594	1.1772788819967897	2.214162159786618	2.9088339920926214
2	25.830970455401594	0.2524298415112301	0.11383717831932684	5.727594611672915
1	25.839125093358	1.177711443363383	2.2154947918662566	2.9088339920926214
2	25.839125093358	0.25058338102956035	0.11229014983963882	5.727594611672915
1	25.84716338320455	1.1781419662933483	2.216818041283493	2.9088339920926214
2	25.84716338320455	0.24873413971198313	0.1107516166607435	5.727594611672915
1	25.855085954685883	1.1785704397133905	2.21813185276939	2.9088339920926214
2	25.855085954685883	0.24688212151381617	0.10922162892466317	5.727594611672915
1	25.86289344102784	1.1789968524288024	2.2194361711548507	2.9088339920926214
2	25.86289344102784	0.24502733068038607	0.10770023693845975	5.727594611672915
1	25.870586479080327	1.1794211931248566	2.2207309413995002	2.9088339920926214
2	25.870586479080327	0.24316977173704596	0.10618749115618502	5.727594611672915
1	25.87816570933215	1.1798434503612147	2.222016108599932	2.9088339920926214
2	25.87816570933215	0.24130944950928485	0.10468344218536745	5.727594611672915
1	25.885631775937473	1.1802636125667645	2.2232916180001676	2.9088339920926214
2	25.885631775937473	0.239446369141331	0.10318814079152809	5.727594611672915
1	25.892985326810802	1.1806816680381713	2.2245574150142686	2.9088339920926214
2	25.892985326810802	0.23758053609845103	0.10170163788903823	5.727594611672915
1	25.900227013599153	1.1810976049313717	2.225813445228415	2.9088339920926214
2	25.900227013599153	0.2357119562007483	0.10022398455665175	5.727594611672915
1	25.907357491787113	1.1815114112604157	2.227059654426198	2.9088339920926214
2	25.907357491787113	0.2338406356245461	0.0987552320264309	5.727594611672915
1	25.914377420710696	1.1819230748909966	2.228295988598748	2.9088339920926214
2	25.914377420710696	0.23196658092766617	0.09729543169110115	5.727594611672915
1	25.921287463644656	1.1823325835380905	2.2295223939681974	2.9088339920926214
2	25.921287463644656	0.2300897990564047	0.09584463509634757	5.727594611672915
1	25.92808828782526	1.1827399247597068	2.2307388170003986	2.9088339920926214
2	25.92808828782526	0.2282102973703501	0.09440289394642859	5.727594611672915
1	25.934780564446488	1.183145085948779	2.231945204413173	2.9088339920926214
2	25.934780564446488	0.22632808367645002	0.09297026011584845	5.727594611672915
1	25.941364968806635	1.1835480543339476	2.233141503212102	2.9088339920926214
2	25.941364968806635	0.22444316622229618	0.09154678562906474	5.727594611672915
1	25.94784218029066	1.183948816970352	2.234327660697515	2.9088339920926214
2	25.94784218029066	0.222555553735884	0.09013252267504392	5.727594611672915
1	25.954212882441606	1.1843473607356039	2.2355036244880004	2.9088339920926214
2	25.954212882441606	0.22066525544193324	0.08872752360296793	5.727594611672915
1	25.96047776300198	1.1847436723237723	2.236669342539089	2.9088339920926214
2	25.96047776300198	0.21877228108794722	0.08733184092442926	5.727594611672915
1	25.96663751395275	1.185137738239017	2.2378247631620223	2.9088339920926214
2	25.96663751395275	0.21687664097262016	0.08594552731632205	5.727594611672915
1	25.972692831607322	1.1855295447925793	2.2389698350534752	2.9088339920926214
2	25.972692831607322	0.21497834595866305	0.08456863561137579	5.727594611672915
1	25.978644416604215	1.1859190780931326	2.240104507306938	2.9088339920926214
2	25.978644416604215	0.21307740751824053	0.08320121881150458	5.727594611672915
1	25.98449297398586	1.1863063240424283	2.241228729440817	2.9088339920926214
2	25.98449297398586	0.21117383775378115	0.08184333008194207	5.727594611672915
1	25.99023921327594	1.1866912683307995	2.2423424514271852	2.9088339920926214
2	25.99023921327594	0.20926764941995846	0.08049502274536202	5.727594611672915
1	25.99588384848258	1.1870738964275502	2.2434456237069016	2.9088339920926214
2	25.99588384848258	0.20735885597177023	0.07915635029334032	5.727594611672915
1	26.001427598160056	1.1874541935749754	2.244538197216539	2.9088339920926214
2	26.001427598160056	0.20544747159599974	0.0778273663844838	5.727594611672915
1	26.006871185503165	1.1878321447845248	2.2456201234226207	2.9088339920926214
2	26.006871185503165	0.20353351123275024	0.07650812483451377	5.727594611672915
1	26.01221533835274	1.1882077348267126	2.246691354339114	2.9088339920926214
2	26.01221533835274	0.20161699062953714	0.07519867962761936	5.727594611672915
1	26.01746078928027	1.1885809482262686	2.2477518425612364	2.9088339920926214
2	26.01746078928027	0.1996979263703802	0.07389908490889767	5.727594611672915
1	26.02260827562589	1.1889517692538882	2.2488015412907805	2.9088339920926214
2	26.02260827562589	0.19777633592351787	0.07260939498807924	5.727594611672915
1	26.027658539550327	1.1893201819187458	2.249840404364924	2.9088339920926214
2	26.027658539550327	0.19585223768694615	0.07132966433997756	5.727594611672915
1	26.03261232808945	1.189686169961002	2.25086838628632	2.9088339920926214
2	26.03261232808945	0.1939256510357598	0.07005994760436027	5.727594611672915
1	26.03747039321987	1.1900497168449655	2.251885442256308	2.9088339920926214
2	26.03747039321987	0.19199659636789815	0.06880029958295368	5.727594611672915
1	26.042233491928613	1.190410805752445	2.252891528209896	2.9088339920926214
2	26.042233491928613	0.19006509515074732	0.06755077523522326	5.727594611672915
1	26.046902386212935	1.1907694195706118	2.2538866008367666	2.9088339920926214
2	26.046902386212935	0.18813116999941026	0.066311429692543	5.727594611672915
1	26.05147784318788	1.1911255408877917	2.2548706176257447	2.9088339920926214
2	26.05147784318788	0.1861948447152889	0.06508231824432487	5.727594611672915
1	26.055960635153703	1.19147915198621	2.2558435369019345	2.9088339920926214
2	26.055960635153703	0.18425614434310766	0.06386349633416229	5.727594611672915
1	26.06035153958609	1.1918302348284324	2.256805317847855	2.9088339920926214
2	26.06035153958609	0.18231509526561826	0.06265501957711979	5.727594611672915
1	26.06465133924704	1.1921787710530574	2.2577559205514275	2.9088339920926214
2	26.06465133924704	0.18037172525117745	0.061456943744532935	5.727594611672915
1	26.068860822233898	1.1925247419654836	2.258695306041604	2.9088339920926214
2	26.068860822233898	0.17842606353150062	0.06026932476527541	5.727594611672915
1	26.07298078204793	1.1928681285301126	2.2596234363291936	2.9088339920926214
2	26.07298078204793	0.176478140875252	0.05909221872155705	5.727594611672915
1	26.07701201760863	1.1932089113578697	2.2605402744363126	2.9088339920926214
2	26.07701201760863	0.17452798969245792	0.05792568186024972	5.727594611672915
1	26.080955333366337	1.193547070701765	2.261445784448829	2.9088339920926214
2	26.080955333366337	0.1725756440979825	0.05676977057615254	5.727594611672915
1	26.084811539289557	1.193882586441747	2.2623399315412254	2.9088339920926214
2	26.084811539289557	0.1706211400412725	0.05562454143143653	5.727594611672915
1	26.088581451024975	1.1942154380842591	2.263222682042019	2.9088339920926214
2	26.088581451024975	0.1686645153566625	0.054490051124389906	5.727594611672915
1	26.092265889875563	1.1945456047460639	2.2640940034582617	2.9088339920926214
2	26.092265889875563	0.16670580991061495	0.053366356511513516	5.727594611672915
1	26.0958656828789	1.194873065146526	2.2649538645238603	2.9088339920926214
2	26.0958656828789	0.16474506570681935	0.0522535146003021	5.727594611672915
1	26.0993816628821	1.1951977975996606	2.26580223524825	2.9088339920926214
2	26.0993816628821	0.16278232699932182	0.05115158254253317	5.727594611672915
1	26.102814668590426	1.1955197800037747	2.2666390869597617	2.9088339920926214
2	26.102814668590426	0.16081764042766403	0.05006061763544106	5.727594611672915
1	26.106165544636312	1.1958389898329447	2.2674643923547753	2.9088339920926214
2	26.106165544636312	0.15885105514945835	0.0489806773164149	5.727594611672915
1	26.109435141629408	1.1961554041267222	2.2682781255431923	2.9088339920926214
2	26.109435141629408	0.1568826229929285	0.047911819163499424	5.727594611672915
1	26.112624316222046	1.1964689994813005	2.2690802620985546	2.9088339920926214
2	26.112624316222046	0.15491239861062228	0.04685410089081455	5.727594611672915
1	26.11573393116765	1.1967797520400727	2.2698707791073574	2.9088339920926214
2	26.11573393116765	0.15294043964778412	0.04580758034596744	5.727594611672915
1	26.11876485537627	1.1970876374839658	2.2706496552184996	2.9088339920926214
2	26.11876485537627	0.15096680692419656	0.04477231550821499	5.727594611672915
1	26.121717963984214	1.197392631023317	2.2714168706972395	2.9088339920926214
2	26.121717963984214	0.14899156461923138	0.04374836448152198	5.727594611672915
1	26.12459413841753	1.197694707389362	2.2721724074785907	2.9088339920926214
2	26.12459413841753	0.14701478047333041	0.04273578548912288	5.727594611672915
1	26.127394266437097	1.1979938408239943	2.272916249216765	2.9088339920926214
2	26.127394266437097	0.1450365260163644	0.04173463687415309	5.727594611672915
1	26.130119242212356	1.1982900050727672	2.273648381342992	2.9088339920926214
2	26.130119242212356	0.1430568767918026	0.04074497708977705	5.727594611672915
1	26.13276996637579	1.1985831733762236	2.2743687911192123	2.9088339920926214
2	26.13276996637579	0.14107591261015734	0.0397668646954401	5.727594611672915
1	26.135347346087915	1.1988733184627551	2.275077467695487	2.9088339920926214
2	26.135347346087915	0.13909371781235977	0.03880035834863988	5.727594611672915
1	26.137852295092934	1.1991604125409105	2.275774402165792	2.9088339920926214
2	26.137852295092934	0.13711038155873193	0.037845516799318774	5.727594611672915
1	26.140285733777894	1.1994444272926252	2.2764595876256473	2.9088339920926214
2	26.140285733777894	0.13512599813572118	0.03690239888211666	5.727594611672915
1	26.142648589235616	1.1997253338675467	2.2771330192317336	2.9088339920926214
2	26.142648589235616	0.1331406672811001	0.03597106350609541	5.727594611672915
1	26.144941795321632	1.2000031028774334	2.2777946942607885	2.9088339920926214
2	26.144941795321632	0.1311544945370436	0.03505156964552491	5.727594611672915
1	26.147166292717195	1.2002777043921646	2.2784446121712105	2.9088339920926214
2	26.147166292717195	0.12916759162280808	0.03414397632684156	5.727594611672915
1	26.14932302897983	1.2005491079352457	2.279082774662047	2.9088339920926214
2	26.14932302897983	0.1271800768448865	0.03324834261901199	5.727594611672915
1	26.15141295860068	1.2008172824812526	2.2797091857348866	2.9088339920926214
2	26.15141295860068	0.12519207553032605	0.03236472761946012	5.727594611672915
1	26.153437043084068	1.2010821964575455	2.2803238517636215	2.9088339920926214
2	26.153437043084068	0.12320372046836083	0.03149319042820248	5.727594611672915
1	26.155396250961566	1.201343817739046	2.2809267815456185	2.9088339920926214
2	26.155396250961566	0.12121515244757716	0.030633790147379932	5.727594611672915
1	26.15729155788195	1.2016021136545425	2.281517986376921	2.9088339920926214
2	26.15729155788195	0.11922652075503187	0.029786585845716584	5.727594611672915
1	26.15912394666138	1.2018570509899733	2.282097480116986	2.9088339920926214
2	26.15912394666138	0.11723798374890636	0.02895163653621439	5.727594611672915
1	26.160894407311513	1.20210859599078	2.2826652792476754	2.9088339920926214
2	26.160894407311513	0.11524970949589042	0.028129001160490944	5.727594611672915
1	26.162603937124285	1.202356714374726	2.2832214029517632	2.9088339920926214
2	26.162603937124285	0.11326187638849197	0.027318738542888972	5.727594611672915
1	26.16425354070244	1.2026013713401675	2.283765873176144	2.9088339920926214
2	26.16425354070244	0.1112746738641714	0.02652090736403327	5.727594611672915
1	26.16584423000653	1.2028425315798725	2.2842987147021296	2.9088339920926214
2	26.16584423000653	0.10928830315363813	0.0257355661212458	5.727594611672915
1	26.167377024406797	1.2030801592994296	2.284819955219724	2.9088339920926214
2	26.167377024406797	0.10730297807043686	0.024962773079580836	5.727594611672915
1	26.168852950726496	1.2033142182387977	2.2853296254018214	2.9088339920926214
2	26.168852950726496	0.1053189258595331	0.024202586218818316	5.727594611672915
1	26.17027304327467	1.2035446716971256	2.2858277589778155	2.9088339920926214
2	26.17027304327467	0.103336388111082	0.02345506317663477	5.727594611672915
1	26.171638343888198	1.2037714825646517	2.2863143928139418	2.9088339920926214
2	26.171638343888198	0.10135562171391604	0.02272026117629216	5.727594611672915
1	26.172949901956603	1.203994613358237	2.2867895669917617	2.9088339920926214
2	26.172949901956603	0.09937689988497884	0.021998236950821308	5.727594611672915
1	26.174208774452314	1.2039596763088702	2.286924307647502	2.9088339920926214
