0	1.0276452112815404	1.193070436729647	1.2447252766709533	1.290299295276218	0.7643147685631606	1.066946259097123	0.7266594535602937	0.9668070572710131	1.325983719568135	0.7807174219374527	
0.17839442641737424	0.9930035948749376	1.2234650729995102	1.2004527212562361	1.7487202595269624	0.05195762486237321	1.5539125076486586	0.3013789565788485	1.09685838800709	1.7408058097067778	0.45140263562792665	
0.24988077602369474	0.9725270452899988	1.2520598798011422	1.152410383130806	1.8047027169655034	1.6903182521341926	1.1761598653150223	2.1703803817009706	0.07189774055921003	
0.6227147375085528	0.7330209726731867	1.8400899284757326	0.31025304003452786	2.3216694824251034	1.8094593539456876	0.332713268538942	2.9100672381403934	
0.7331242674162519	0.5631752353348594	2.1407323749115745	2.4750076717035374	1.8604677187902054	3.147249982340983	
1.3956170969711614	2.6890099060274193	2.568336820720968	1.7130165167806253	3.239451814870298	
3.1271635163318954	2.643897617223397	3.0921944027849997	0.9175917269498692	3.525172837945519	
3.6750742579951674	2.5798929890156566	3.5638279432185858	0.23991046057217436	3.737524758856786	
4.465271765517922	2.48837615180993	3.8319952640471895	3.847263686244439	
8.615989780595179	1.5660185295044164	4.783863852949213	3.7872639757495747	
10.35762118867865	0.6088692868843085	5.766029822385112	3.72438155989152	
10.735097910483693	0.0509041932638128	6.296880076559572	3.703213463517435	
18.903506203989416	6.665793476774613	3.38741776093382	
29.359232696315264	7.119074560471571	2.8752287239908707	
37.46544457461732	7.602709357778368	2.3422725557571455	
43.53588493082234	8.092274574128016	1.8107082966711001	
47.85085887617776	8.561288504220427	1.3045775454471054	
50.68387514752742	8.98124098338371	0.8492792273515567	
52.322277219606455	9.321580804679527	0.4710020303882583	
53.08127217960139	9.552059558078723	0.19511901930085673	
53.30399423340899	9.657517363902542	0.04053263021779254	
