#t	ell(t)
0.0	1.0546680122576158
0.0037083220761465387	1.054670252176205
0.005422042632594971	1.0547561414486557
0.007407614859103062	1.0547979597500097
0.009406791319168988	1.054848349409136
0.011513020612142598	1.0549013775003935
0.01370602301336982	1.054959940804558
0.016003832542655583	1.0550240743374757
0.01841372887400952	1.0550949665215639
0.020948959496176082	1.0551736409028996
0.023623970432972985	1.0552614833114662
0.026457302147521882	1.0553601569562179
0.029472801013640384	1.0554717842709769
0.032703338157703356	1.0555991239788207
0.03619825907722669	1.0557459308895498
0.04004276753822236	1.055917658486193
0.04433026674186713	1.0561231623047271
0.04886177172425776	1.0563744555276224
0.05379948069212266	1.0566675430748842
0.05826005640695152	1.0570220502267251
0.06238569891383437	1.0573767891538561
0.06634966337275866	1.0577367249129108
0.07017583188443823	1.0581138661034535
0.07388839503827573	1.058509421643152
0.07749730863821341	1.0589252444301858
0.08100974260216648	1.0593621013513976
0.08443027988539674	1.0598206285243204
0.08776238567863015	1.0603012559452125
0.0910087867451181	1.0608043259217215
0.09417178054055081	1.0613301098323353
0.09725337943978458	1.061878831291615
0.10025540208747079	1.0624506752633738
0.10317952580961587	1.063045794440898
0.10602731998637223	1.0636643124842626
0.10880026728899722	1.0643063258995367
0.11149977838442487	1.0649719048833226
0.11412720222129284	1.065661093670202
0.11668383380185811	1.066373910473738
0.11917092018637447	1.0671103472277776
0.12158966544325883	1.067870369164843
0.12394123475761082	1.0686539143245448
0.12622675789234175	1.0694608929875604
0.1284473324853252	1.0702911870398675
0.13060402665735657	1.0711446494036791
0.1326978817416578	1.0720211033244904
0.13472991455940958	1.072920341793664
0.13670111956486283	1.0738421268832106
0.13861247094941462	1.0747861890994959
0.14046492456533835	1.0757522267993644
0.14225941973904413	1.076739905605122
0.14399688097612157	1.077748857843256
0.14567821967431657	1.0787786820033316
0.14730433569515577	1.0798289422844665
0.14887611890700103	1.0808991681462352
0.15039445066565366	1.0819888539260547
0.15186020530828398	1.0830974585037563
0.15327425150742874	1.0842244050691627
0.15463745366271434	1.0853690808807934
0.15595067331471993	1.0865308371407436
0.15721477041581924	1.0877089889902143
0.1584306047288557	1.0889028154814975
0.15959903705635822	1.0901115597614222
0.16072093064007514	1.0913344291975455
0.16179715237935582	1.0925705957741791
0.1628285741794285	1.0938191964122375
0.16381607425725989	1.0950793335368085
0.16476053840812402	1.0963500757306632
0.16566286125704954	1.097630458476674
0.16652394761516728	1.0989194850284651
0.16734471360965172	1.1002161276186324
0.16812608796291809	1.1015193285720493
0.1688690130778741	1.1028280019061947
0.1695744461306623	1.1041410349756804
0.17024335996809528	1.1054572905427644
0.17087674394530636	1.1067756090229093
0.17147560452337288	1.1080948112484843
0.17204096565404634	1.1094137015401948
0.17257386886981008	1.1107310712501186
0.1730753730710447	1.1120457027316835
0.17354655396717492	1.1133563738428753
0.17398850302855845	1.1146618630152259
0.17440232607033512	1.1159609545948703
0.1747891412996671	1.1172524448201322
0.17515007695009152	1.1185351479661985
0.17548626836500575	1.1198079029463743
0.17579885470571277	1.1210695797698282
0.17608897524175274	1.122319086177648
0.17635776531076983	1.1235553739926898
0.17660635206000744	1.1247774450454715
0.1768358500559745	1.1259843566089263
0.17704735685431466	1.1271752261423418
0.17724194868260193	1.1283492351219173
0.17742067630522998	1.1295056320731502
0.17758456117541419	1.1306437345638223
0.17773459199057484	1.1317629301538512
0.17787172166954549	1.1328626765464902
0.1779968648335694	1.1339425007046087
0.17811089579482287	1.1350019972537082
0.1782146470783676	1.1360408261274901
0.17830890844634878	1.1370587097372333
0.17839442641737424	1.1380554296228125
0.17847190422590212	1.1390308228776667
0.17854200219566468	1.1399847782820762
0.17860533846102808	1.1409172324514276
0.1786624899938817	1.1418281659146252
0.17871399387994352	1.142717599308739
0.17876034879287883	1.143585589705803
0.1788020269371492	1.1444322270859415
0.17883945294150616	1.1452578439782914
0.1788730175918793	1.3137648114450289
0.18248748189874517	1.3137860674335324
0.18378217805550803	1.3162553186725723
0.18500148331828445	1.3172379145891133
0.18617244931381696	1.3182186333506265
0.18729226698917054	1.3192164929817707
0.18836432425473318	1.3202277361416042
0.18938998144841007	1.3212538413941792
0.1903707288152827	1.3222946317426465
0.19130779778510013	1.3233501050688345
0.19220233372304713	1.3244200298246323
0.19305540823878645	1.3255040834604839
0.1938680521543952	1.3266018415457461
0.19464127231418737	1.327712796105946
0.1953760646838243	1.3288363612235488
0.19607342326839713	1.3299718782191028
0.19673434658358813	1.3311186186495256
0.19735984214091817	1.3322757865680903
0.19795092971805914	1.333442520105078
0.19850864348923017	1.3346178932293542
0.1990340333743848	1.3358009176038448
0.19952816563261566	1.3369905450792166
0.19999212282000406	1.338185670857432
0.2004270031252705	1.3393851375870058
0.20083391910395537	1.3405877404507127
0.20121399582835214	1.3417922332938714
0.20156836849287654	1.3429973357863418
0.20189817945626218	1.3442017416165934
0.2022045748218587	1.3454041274345558
0.20248870059146387	1.3466031625281905
0.20275169846122304	1.3477975189203677
0.2029947014145936	1.3489858815476703
0.20321882915770162	1.3501669584752896
0.20342518356144854	1.3513394905962461
0.20361484419983633	1.3525022607453479
0.20378886413262423	1.3536541018550357
0.2039482659934025	1.3547939041617032
0.20409403850361282	1.3559206211048245
0.2042271334531558	1.3570332740542441
0.20434846320567143	1.3581309556949948
0.2044588987511616	1.3592128321934056
0.20455926829328472	1.3602781442419143
0.20465035637699883	1.3613262069572365
0.2047329035088597	1.3623564089569935
0.20480760623358416	1.3633682106057536
0.20487511762227478	1.3643611416133525
0.20493604811074334	1.3653347981921298
0.20499096663704205	1.3662888398125983
0.20504040202412482	1.367222985726446
0.20508485441149976	1.3681370113777658
0.20512477629044218	1.369030951650211
0.20516058311173532	1.5936254122473417
0.21096727385443007	1.5936292244954176
0.2129774874777454	1.594319695198118
0.2149865106265709	1.5945964076346275
0.21691643602588456	1.5948955090520152
0.21878500225904224	1.5952062919197052
0.22058699998995693	1.59553144313357
0.2223236164609193	1.5958700591773873
0.22399497402579388	1.596222221846245
0.22560179635664585	1.5965877664798964
0.22714489189924064	1.5969665963895994
0.22862520364655675	1.5973585906669696
0.23004374785896994	1.5977636200719174
0.2314015968057364	1.5981815361155787
0.23269986287759997	1.5986121680270553
0.23393969058196332	1.5990553184153005
0.2351222518688967	1.599510759872381
0.23624874447864896	1.5999782317035736
0.23732039177973865	1.6004574370693727
0.23833844395869253	1.6009480403188712
0.23930417956237696	1.6014496647418321
0.2402189075490766	1.6019618905588806
0.24108396924040107	1.6024842534442385
0.2419007401196789	1.6030162435136213
0.24267063121832375	1.6035573049543754
0.24339508988270697	1.6041068363630038
0.24407559988135766	1.6046641918471998
0.2447136805799648	1.6052286830415687
0.2453108852326712	1.6057995819788822
0.24586879812115414	1.6063761249457709
0.2463890307841698	1.6069575171157378
0.24687321705192336	1.6075429381327215
0.2473230072263337	1.6081315482256797
0.24774006135816007	1.6087224949616474
0.2481260418674193	1.609314920265291
0.24848260571792471	1.609907967572904
0.24881139631130772	1.6105007889228922
0.24911403542795887	1.6110925516725476
0.24939211537766434	1.611682444788228
0.24964719162037083	1.612269684441282
0.24988077602369474	1.612853518871344
0.2500943308903578	1.6134332324200975
0.25028926389407263	1.6140081486732902
0.2504669239356508	1.6145776328122834
0.25062859797221754	1.6151410931035561
0.25077550878642235	1.615697981683877
0.2509088136441767	1.6162477946955562
0.251029603772873	1.616790071854455
0.25113890457634147	1.6173243955544219
0.2512376764865797	1.6178503896135084
0.25132681636122567	1.6183677177275484
0.25140715932347835	1.6188760817409753
0.25147948095334816	1.6193752197703115
0.25154451388505655	1.6198649042288282
0.25160292094814724	1.6203450488602962
0.25165531032118604	1.7074945128465677
0.2647246346563181	1.7075004877914957
0.2688542442836994	1.7090102246850252
0.27413242548629657	1.7094962244843428
0.27936134093435067	1.7101245072853242
0.28501936633712655	1.7107553633521981
0.2910126529809825	1.7114481347131976
0.2974836075958115	1.712194251562719
0.3045630597438355	1.7130150207558785
0.31259022177724094	1.7139323088906837
0.3215520784851882	1.7149986596195088
0.329919203495876	1.7162248090741095
0.33816447038592934	1.7174063157294872
0.34578986767591186	1.718608136600286
0.35313646031662177	1.719755280154569
0.3602581773932057	1.720895249504246
0.36720447687530694	1.7220351282837492
0.37399695579680386	1.7231821298810317
0.38065061821030205	1.7243395264211048
0.38717484410664227	1.7255097698039268
0.39357633577854645	1.7266945230912583
0.39986002819527067	1.7278950833363098
0.40602979363449254	1.729112496089604
0.412088803609642	1.7303476546830108
0.4180397609516422	1.7316013500230507
0.42388503974244685	1.732874303722564
0.42962677478771794	1.7341671882107565
0.4352669193254624	1.7354806398063978
0.44080728382305245	1.7368152672002968
0.44624956243630354	1.7381716572046384
0.45159535175114573	1.7395503786523594
0.45684616502419395	1.7409519851317015
0.4620034421670054	1.7423770170977537
0.46706855869174047	1.7438260032386623
0.47204283183910717	1.7452994618359512
0.47692752649987197	1.7467979015582087
0.4817238599116986	1.7483218223589123
0.48643300564697917	1.749871716164445
0.49105609750546125	1.7514480674653399
0.49559423237384626	1.7530513539967452
0.5000484733006997	1.7546820471824667
0.5044198522295275	1.756340612747045
0.5087093720224728	1.758027511316372
0.5129180089543268	1.7597431988456442
0.517046714478308	1.7614881273195893
0.5210964171315061	1.7632627452658627
0.5250660352632435	1.7650674984151833
0.5289460110191762	1.7669018943922525
0.5327406709143249	1.7687611736848436
0.5364505924904948	1.7706468475197832
0.5400772919842104	1.7725586750380078
0.5436219851893543	1.7744968725703218
0.5470859186227124	1.7764615058479587
0.550470284961531	1.7784526561991036
0.5537762482654116	1.7804703742852244
0.5570049400708158	1.782514692045165
0.560157462839603	1.7845856186469973
0.5632348914866906	1.7866831406257895
0.5662382753835047	1.788807220889798
0.569168639904793	1.790957798028763
0.572026988145514	1.7931347853129498
0.5748143023798129	1.7953380697986514
0.5775315456301873	1.7975675112326093
0.5801796629882344	1.7998229410223434
0.5827595831225176	1.8021041609888993
0.5852722194120862	1.8044109422516508
0.5877184712429125	1.8067430237653657
0.5900992252792756	1.8091001109550142
0.5924153565415519	1.8114818743028434
0.5946677295088384	1.8138879477121517
0.5968571992695981	1.816317926843521
0.5989846125059293	1.8187713674635866
0.6010508084810258	1.8212477835757543
0.6030566200260272	1.8237466455008968
0.6050028745230804	1.8262673779128828
0.6068903948433508	1.8288093578354931
0.6087200001385527	1.8313719125557197
0.6104925068478537	1.833954317306396
0.612208729434126	1.8365557932181087
0.6138694813915351	1.839175504887024
0.61547557591293	1.8418125583453282
0.617027826830576	1.8444659985447125
0.618527049382502	1.8471348073020968
0.6199740610218	1.8498179010472506
0.6213696822877528	1.8525141287356515
0.6227147375085528	1.8552222700227354
0.6240100557322498	1.8579410333033792
0.625256471432389	1.8606690544206972
0.6264548254685557	1.863404895218122
0.6276059657460742	1.8661470429770317
0.6287107481745066	1.8688939096205013
0.6297700374770713	1.8716438320732622
0.6307847080685153	1.8743950728835028
0.6317556448454337	1.8771458216892565
0.6326837440995409	1.87989419722926
0.6335699143257508	1.882638250564451
0.6344150770705959	1.8853759690133975
0.6352201677022852	1.8881052813122128
0.635986136193064	1.8908240637662483
0.6367139477641113	1.893530147792773
0.6374045835084365	1.8962213284722476
0.63805904083116	1.898895374596912
0.6386783337950442	1.9015500397370595
0.6392634932348041	1.9041830747147437
0.639815566663457	1.9067922410083415
0.6403356179136596	1.9093753251799115
0.64082472646557	1.911930154073158
0.641283986431515	1.9144546104945475
0.6417145051802131	1.9169466491130074
0.6421174015317728	1.9194043123267968
0.6424938035751144	1.9218257454806846
0.6428448460441579	1.9242092113957057
0.6431716673478816	1.9265531034491143
0.6434754061935202	1.9288559573157116
0.6437571979378302	1.931116460426727
0.6440181706975362	1.9333334594036338
0.6442594412887198	1.9355059650448163
0.6444821111234414	1.9376331546390013
0.6446872621182269	1.939714371890479
0.6448759527495601	1.9417491241902267
0.6450492143077512	1.9437370777434386
0.6452080474682523	1.9456780504191755
0.6453534192317603	1.947572002986077
0.6454862602772067	1.949419028930908
0.645607462784917	1.9512193431008533
0.6457178787344903	1.9529732697951276
0.6458183186812293	1.9546812305030798
0.645909551002515	1.9563437316214654
0.6459923015842653	1.957961352492272
0.6460672539171383	1.9595347339159452
0.6461350495606247	1.9610645673869975
0.6461962889244032	1.9625515851877353
0.6462515323276987	1.9639965513170072
0.6463013012811926	1.9654002534682535
0.6463460826280156	1.96676349589002
0.6463863321591254	1.968087175480255
0.6464224616435761	2.4026484946671873
0.648058283786325	2.4027435023597996
0.6487556014017224	2.407277948014376
0.6494129891801196	2.409366737251068
0.6500399885527522	2.411435665400424
0.6506354709910613	2.413510065422679
0.6512007405005577	2.4155828241401855
0.6517365588484975	2.417654511695195
0.6522438183617699	2.4197238072374017
0.6527233903306827	2.4217897759053804
0.6531761584185607	2.423851330294718
0.6536030106556833	2.425907357943257
0.6540048404807822	2.427956693107425
0.6543825456123503	2.429998125906596
0.6547370272293199	2.432030403747876
0.6550691888721332	2.4340522357169334
0.6553799351710867	2.4360622973655603
0.6556701704280234	2.4380592364189493
0.6559407969836427	2.4400416796045614
0.6561927134042945	2.4420082401447614
0.6564268125285878	2.443957525952916
0.6566439793390855	2.4458881486218513
0.6568450887384768	2.447798732633559
0.6570310032342447	2.449687924987417
0.6572025705756014	2.4515544048102407
0.6573606214037743	2.4533968927328864
0.6575059669392685	2.4552141599835666
0.657639396766273	2.4570050367547047
0.6577616767673933	2.4587684197660122
0.657873547228766	2.460503278981574
0.6579757211721189	2.4622086630831177
0.6580688829308315	2.4638837038777117
0.6581536869957051	2.465527619449891
0.6582307571403021	2.4671397161306268
0.6583006858312931	2.4687193892888666
0.658364033919579	2.4702661230509024
0.6584213305980068	2.471779489058587
0.6584730736100725	2.4732591443229586
0.6585197296916873	3.1421468095973726
0.6731550825865208	3.142148130094597
0.6801827628267099	3.142563298774226
0.6877282564010352	3.14276602093672
0.6941998544030129	3.1429888879262835
0.7003184496060008	3.1431861239923293
0.7061962196750633	3.1433793352402386
0.7118814837426038	3.1435725201525098
0.7174026194784909	3.1437678052370917
0.7227765983612489	3.1439667228992914
0.7280145936917563	3.1441704435667868
0.7331242674162519	3.144379939315761
0.7381111561053811	3.144596048787997
0.7429794371985357	3.1448195183982093
0.7477324022258058	3.145051025627772
0.7523727500158196	3.145291194240585
0.7569027745061707	3.1455406043512197
0.7613244875003732	3.145799799450703
0.7656396997418252	3.1460692914996082
0.7698500758299253	3.1463495647090234
0.7739571717905396	3.146641078460725
0.7779624607107243	3.146944269604428
0.781867351636463	3.1472595542621082
0.7856732024003628	3.1475873293548906
0.7893813295588328	3.147927973794305
0.7929930153300243	3.1482818495068883
0.7965095137175887	3.148649302228015
0.7999320544483443	3.149030662227113
0.8032618466814833	3.149426244801139
0.8065000821946672	3.1498363507048364
0.8096479375261532	3.150261266485967
0.8127065765809379	3.150701264639032
0.8156771522163415	3.1511566037578693
0.8185608082427712	3.1516275284829174
0.8213586810303647	3.1521142694302817
0.8240719009759447	3.152617042985203
0.8267015940232009	3.1531360509829063
0.8292488829885105	3.1536714803050168
0.8317148889526267	3.1542235023388714
0.8341007325842057	3.1547922723401562
0.8364075353453834	3.1553779286660877
0.8386364208532711	3.1559805918525665
0.8407885161487425	3.15660036359209
0.8428649528852306	3.1572373255456094
0.8448668687483124	3.157891537971312
0.8467954086988073	3.1585630382546492
0.8486517263724449	3.159251839211019
0.8504369853565393	3.159957927253604
0.8521523606831477	3.1606812603231176
0.8537990403370241	3.16142176569811
0.8553782266633861	3.162179337621618
0.8568911379618469	3.162953834686597
0.8583390101551056	3.1637450771130267
0.8597230983729626	3.1645528439017254
0.8610446786424741	3.1653768698059594
0.8623050496345377	3.1662168422559285
0.8635055343016134	3.167072398279183
0.8646474815687807	3.1679431213835927
0.8657322680021535	3.1688285385961157
0.8667612991966787	3.1697281177422845
0.8677360111620035	3.170641264897399
0.8686578714346254	3.1715673223869247
0.8695283797896796	3.1725055673200098
0.8703490686984336	3.1734552107195175
0.871121503172553	3.174415397613217
0.8718472801549986	3.175385207939469
0.8725280271728967	3.1763636586480044
0.8731654003527505	3.17734970685622
0.8737610815498112	3.178342254334571
0.874316774774159	3.179340153063735
0.8748342016997361	3.180342212134473
0.8753150965003936	3.1813472055628567
0.8757611998674762	3.182353881225787
0.8761742525134958	3.1833609703226533
0.8765559881524486	3.184367197493856
0.8769081262168674	3.185371291023478
0.8772323644504183	3.1863719930341405
0.8775303715788646	3.187368069290142
0.8778037802767661	3.1883583183616597
0.8780541805560351	3.189341580021212
0.8782831137600262	3.190316742544652
0.8784920672919427	3.1912827488825113
0.8786824701477888	3.192238601679702
0.8788556892911393	3.1931833670764824
0.8790130269369922	3.1941161772375164
0.8791557186745687	3.1950362319272005
0.8792849324253155	3.195942798961264
0.8794017681687845	3.196835213828252
0.8795072583490859	3.1977128785947726
0.8796023688907477	3.198575260141781
0.879688000733053	3.1994218879424947
0.8797650073015181	3.2002523514973515
0.8798341672193166	3.761094445774056
0.909624562956484	3.7610976549399475
0.9304827443692953	3.7624337347309935
0.9532528016780053	3.763317947982266
0.9763321510420179	3.7642397186771923
1.0002275534634184	3.7651318988742943
1.0248023750399295	3.7660152865013856
1.0501153488292163	3.7668853353190097
1.0761679029374842	3.7677451199343586
1.1029806931057144	3.768595820853825
1.1305708218977555	3.7694394593844938
1.1589589085073562	3.770278093614813
1.18816715145356	3.771114036387509
1.2182200623225627	3.7719497796336547
1.2491443610419142	3.772788006301992
1.280335839220075	3.773631580271425
1.3101597143419519	3.774466730471898
1.3393027341830352	3.775253668895704
1.3677452597440174	3.7760143247431475
1.3956170969711614	3.776750964324171
1.422977455793487	3.777469194966892
1.4498841904962219	3.778172354693664
1.4763802506760577	3.7788634223203807
1.502501237795475	3.7795447434368072
1.5282759898438192	3.7802182792736425
1.5537283665244055	3.7808856615215034
1.5788781977116537	3.7815482679954946
1.6037421108941312	3.782207269750143
1.6283341406873	3.7828636700358658
1.6526662111485428	3.7835183339329483
1.6767485157713187	3.7841720119373377
1.7005898200118887	3.7848253587996736
1.7241977052904276	3.7854789487364955
1.7475787657727329	3.7861332878560727
1.7707387694526187	3.7867888243512335
1.793682790399721	3.7874459569584285
1.816415317074928	3.788105042013207
1.8389403428719802	3.788766399345198
1.861261441216902	3.789430317269836
1.8833818278161307	3.7900970568090266
1.9053044140125275	3.790766855265973
1.927031850388522	3.791439929312465
1.9485665642353813	3.792116477595337
1.9699107911569775	3.7927966829971917
1.9910666017021765	3.793480714582215
2.012035924068872	3.7941687292721915
2.032820563663206	3.7948608733002076
2.053422219003731	3.795557283479868
2.073842496719093	3.796258088282645
2.094082922637472	3.7969634088238364
2.1141449527114093	3.7976733596631242
2.134029981777316	3.7983880495526336
2.1537393509129	3.7991075820701976
2.1732743542674435	3.799832056167464
2.192636244520108	3.8005615666685486
2.2118262378578013	3.8012962046921275
2.2308455180672726	3.8020360580322237
2.2496952402037005	3.802781211485174
2.268376533793961	3.8035317471422885
2.2868905054475204	3.804287744648804
2.3052382411661676	3.805049281425459
2.323420808481523	3.8058164328654094
2.341439258311839	3.8065892725134147
2.359294626152261	3.8073678722242
2.376987933619364	3.808152302283728
2.3945201899378827	3.8089426315378785
2.4118923922360787	3.809738927513147
2.429105526989319	3.81054125647783
2.4461605708637593	3.8113496835493765
2.463058490722376	3.812164272771104
2.479800244811726	3.81298508714441
2.4963867831092292	3.8138121887130936
2.5128190478704795	3.81464563860502
2.5290979737689385	3.8154854970805445
2.5452244883946755	3.81633182355764
2.5611995127103437	3.817184676652633
2.577023961038102	3.818044114217481
2.5926987414765277	3.818910193350252
2.6082247562043284	3.8197829704266084
2.6236029014322204	3.8206625011244335
2.6388340677011595	3.8215488404273033
2.653919140075279	3.8224420426459225
2.66885899821153	3.823342161432974
2.6836545165011874	3.8242492497897853
2.6983065642790085	3.8251633600762354
2.7128160057731248	3.82608454402433
2.7271837003358383	3.8270128527350296
2.741410502419018	3.8279483366919096
2.755497261890807	3.8288910457581338
2.7694448236544194	3.829841029195381
2.7832540282332325	3.830798335635698
2.7969257116584103	3.8317630131177154
2.8104607053664106	3.832735109076246
2.823859836467685	3.833714670330958
2.8371239278379923	3.8347017431010353
2.8502537979178175	3.8356963730077376
2.863250261103801	3.836698605054508
2.876114127614671	3.8377084836511433
2.888846203509816	3.838726052598581
2.901447290911339	3.839751355084317
2.9139181879819938	3.840784433694139
2.926259688967478	3.841825330404618
2.938472584260509	3.8428740865803097
2.9505576604087653	3.8439307429726184
2.962515700316562	3.8449953397136447
2.974347483215685	3.8460679163270233
2.9860537845126642	3.8471485117188173
2.99763537636418	3.8482371641559427
3.0090930271201013	3.8493339113119713
3.0204275018416005	3.8504387902080413
3.0316395622108314	3.851551837253858
3.0427299664852985	3.8526730882321467
3.0536994696157964	3.8538025782861225
3.0645488233800604	3.854940341922904
3.075278776480052	3.8560864130192485
3.0858900742361732	3.8572408248242227
3.0963834591990405	3.8584036099178043
3.1067596706993412	3.8595748002684247
3.117019445221997	3.8607544271754826
3.1271635163318954	3.8619425213018648
3.137192614798874	3.863139112657107
3.14710746857985	3.8643442306030273
3.1569088029153924	3.86555790384263
3.1665973403800813	3.866780160422412
3.176173800904942	3.8680110277292976
3.185638901908313	3.869250532483844
3.194993358335824	3.870498700747403
3.2042378826012277	3.8717555579180623
3.2133731848671796	3.8730211287126934
3.222399972816895	3.874295437195095
3.2313189518662004	3.8755785067346493
3.240130825396118	3.8768703600248586
3.2488362943736337	3.8781710191074623
3.257436057826492	3.87948050530672
3.265930812586201	3.8807988392884947
3.274321253632879	3.8821260410112064
3.282608073785796	3.883462129768082
3.2907919641519516	3.8848071241274993
3.298873613840989	3.8861610419932604
3.3068537102551163	3.8875239005474476
3.31473293897036	3.8888957162866333
3.322511983899633	3.890276504990485
3.3301915273063996	3.8916662817378262
3.337772249858738	3.893065060897547
3.345254830626876	3.8944728561263826
3.3526399472024275	3.895889680356017
3.359928275689879	3.8973155458027926
3.367120490817084	3.8987504639536485
3.3742172659441305	3.900194445574909
3.381219273022533	3.901647500701593
3.3881271828658974	3.9031096386154025
3.39494166490685	3.904580867887532
3.4016633874706015	3.906061196314507
3.4082930177143806	3.907550630962271
3.4148312217608514	3.9090491781399987
3.4212786645359814	3.910556843416384
3.427636009981808	3.9120736315682443
3.433903921094009	3.913599546614267
3.4400830598952328	3.9151345918102938
3.446174087501918	3.9166787696283927
3.4521776641456494	3.918232081758033
3.458094449226805	3.9197945290961638
3.4639251013523187	3.9213661117454195
3.4696702783231763	3.9229468290084983
3.4753306373230406	3.9245366793685292
3.4809068347171497	3.9261356605251696
3.486399526222961	3.9277437693225354
3.4918093669650956	3.929361001779332
3.497137011449603	3.9309873530887014
3.5023831135873422	3.932622817593927
3.5075483267782612	3.9342673887774686
3.5126333039009174	3.9359210592693312
3.5176386973015745	3.9375838208262537
3.5225651589207327	3.939255664309092
3.527413340205841	3.9409365797057916
3.5321838922446376	3.942626556083274
3.536877465712812	3.9443255816135596
3.541494710889839	3.946033643536411
3.5460362777928855	3.947750728143891
3.550502816037164	3.9494768208096835
3.5548949749659835	3.951211905916383
3.559213403650306	3.952955966882691
3.5634587508625746	3.9547089861424447
3.5676316651565294	3.9564709451116085
3.571732794865184	3.9582418241979678
3.5757627880689067	3.960021602778118
3.5797222926956422	3.9618102591596944
3.5836119564281197	3.963607770601032
3.587432426826602	3.9654141132450422
3.59118435125788	3.967229262149519
3.59486837695145	3.969053191228832
3.5984851509916793	3.970885873253659
3.6020353203402355	3.972727279820296
3.6055195318001805	3.9745773813341274
3.6089384321066733	3.976436146962008
3.6122926678527603	3.9783035446506165
3.6155828855209253	3.980179541057265
3.6188097315199115	3.982064101534951
3.6219738521198637	3.9839571901218043
3.62507589351592	3.98585876947064
3.6281165018105836	3.987768800851736
3.6310963229791353	3.9896872441081612
3.6340160029362822	3.9916140575973142
3.6368761875003632	3.993549198195859
3.639677522335979	3.995492621239587
3.642420653036832	3.9974442804434815
3.6451062250949615	3.9994041279159664
3.6477348838425248	4.001372114096582
3.6503072745419005	4.003348187668485
3.65282404227742	4.005332295578977
3.655285831980311	4.007324382910665
3.6576932884609334	4.009324392848085
3.6600470563478256	4.0113322666523885
3.6623477800853426	4.0133479435585295
3.664596103914842	4.015371360715586
3.6667926719082415	4.017402453110659
3.6689381278662143	4.0194411535383106
3.671033115371373	4.021487392443473
3.673078277729564	4.023541097901679
3.6750742579951674	4.025602195492518
3.6770216988996096	4.027670608250833
3.678921242851295	4.029746256516954
3.6807735319141432	4.031829057852849
3.6825792077845594	4.033918926932849
3.684338911741451	4.036015775427654
3.6860532846916474	4.038119511850377
3.687722967038078	4.040230041510496
3.6893485987132384	4.042347266249108
3.6909308191697594	4.04447108436314
3.6924702672849	4.046601390477578
3.6939675813712136	4.048738075293888
3.695423399130693	4.050881025468013
3.696838357624968	4.053030123405484
3.698213093227358	4.0551852470683025
3.699548241600057	4.057346269743779
3.70084443763209	4.0595130598399205
3.702102315427024	4.061685480606333
3.7033225082467993	4.063863389921964
3.704505648454975	4.06604663999826
3.705652367507599	4.068235077061149
3.7067632958510806	4.070428541104024
3.707839062948971	4.072626865449669
3.7088802971784323	4.074829876539094
3.709887625791506	4.077037393450236
3.7108616748738066	4.079249227516411
3.711803069285715	4.081465181920522
3.7127124326089413	4.0836850512276355
3.713590387101042	4.085908620902043
3.7144375536231844	4.088135666817662
3.715254551585279	4.09036595467346
3.7160419988969635	4.092599239417827
3.716800511900212	4.0948352646595625
3.717530705298817	4.097073761997159
3.718233192110359	4.099314450299678
3.7189085835884823	4.101557035019177
3.719557489159444	4.103801207378112
3.720180516347437	4.106046643560922
3.720778270713467	4.1082930038305525
3.721351355766907	4.110539931655619
3.7219003729076268	4.112787052702554
3.7224259213292865	4.115033973907695
3.722928597947902	4.117280282368854
3.723408997315038	4.119525544307283
3.723867711519863	4.121769303948816
3.724305330113003	4.124011082336772
3.7247224399842533	4.126250376246426
3.725119625282205	4.128486656883868
3.7254974672847103	4.13071936882019
3.7258565442871547	4.132947928716674
3.7261974314732083	4.13517172420747
3.726520700773061	4.137390112782394
3.726826920717699	4.139602420719691
3.727116656267826	4.141807942163829
3.7273904686376653	4.14400593824599
3.72764891509471	4.146195636431378
3.7278925487423518	4.148376230015002
3.728121918278099	4.150546877872787
3.728337567722804	4.1527067044747445
3.7285400361334045	4.154854800179144
3.728729857272624	4.156990222001996
3.7289075592539698	4.159111994679492
3.729073664149782	4.1612191122651705
3.7292286875631113	4.163310540206603
3.7293731381617508	4.165385217958473
3.7295075171789223	4.167442062148056
3.729632317872535	4.169479970375967
3.729748024953129	4.1714978255311665
3.7298551139817255	6.359841521120439
3.771159426837449	6.359849034913408
3.7835112711939853	6.362453631245464
3.7978138065566447	6.363128919990877
3.8119797870402636	6.363857882652318
3.826660846334479	6.364527554426177
3.841690202940376	6.365170409137152
3.8571425441704585	6.365778296623864
3.873022673303204	6.366354037857166
3.889357874601335	6.366897384551861
3.9061705944849536	6.367408866810475
3.9234866924048677	6.367888740778957
3.9413330752374645	6.368337278092003
3.959738503330641	6.368754687808808
3.978733430610907	6.369141139342041
3.9983501178281893	6.369496758047135
4.018622637626146	6.369821628750252
4.039586878118458	6.370115797681433
4.061280503432535	6.370379275561087
4.0837428731196574	6.370612041265938
4.107014910519772	6.370814046402787
4.131138914052372	6.37098522088843
4.156158307729747	6.371125479657201
4.182117332421276	6.371234730561397
4.209060686718687	6.371312883445843
4.23703313272067	6.3713598602427854
4.266079096789624	6.371375605748398
4.296242299265208	6.371360098537301
4.327565459727951	6.371313361229836
4.360090122737474	6.371235469137513
4.393856638654336	6.371126556193908
4.428904321180037	6.370986817138901
4.465271765517922	6.3708165051625265
4.5026950649699495	6.370615924717425
4.5412510541529265	6.370387349255397
4.580990867630968	6.370131342797862
4.621980435546399	6.369848506585265
4.664288730619283	6.369539235808091
4.707991767195388	6.369203791178646
4.753171759777331	6.368842267686391
4.799917632970022	6.368454597915447
4.8483248872763145	6.368040545710013
4.898495281885107	6.3675997054631885
4.950535953823516	6.36713150364433
5.004557738805539	6.36663520620276
5.060621891952707	6.366109934608902
5.1179172560630475	6.3655551979257625
5.176511984693447	6.364979266328103
5.236144698338575	6.364381796856174
5.294977542396174	6.363765745749028
5.352152889546391	6.363150694497841
5.408334251026158	6.362546548792828
5.463607991649571	6.361947115846845
5.518128171130088	6.361352060251006
5.57197498319941	6.360760197283808
5.625213957111184	6.360171041928305
5.677891142239274	6.359584202565985
5.730041804042609	6.358999452185808
5.781692775522051	6.358416646750538
5.832865029162789	6.357835708711685
5.88357518927348	6.357256605302162
5.933836684498447	6.356679336642345
5.983660553940896	6.3561039264957735
6.033056039741591	6.355530415933089
6.082031024028817	6.35495885869277
6.130592349503739	6.354389317781395
6.178746059370153	6.353821863010499
6.22649758034223	6.353256569164939
6.2738518549206415	6.352693514604725
6.32081344748416	6.352132780286926
6.3673866194521125	6.351574448962872
6.413575391138605	6.351018604639127
6.459383585480555	6.350465332118357
6.504814864724764	6.349914716695859
6.549872754910799	6.34936684389378
6.594560668865089	6.34882179930578
6.638881921523097	6.348279668431628
6.682839742434887	6.347740536582461
6.726437284951919	6.3472044888032
6.769677635427719	6.346671609822005
6.812563818446475	6.346141983988995
6.855098801259043	6.345615695255177
6.897285499012426	6.345092827154676
6.939126776247334	6.3445734627720345
6.980625451411935	6.344057684751288
7.021784297397966	6.343545575264686
7.062606044295944	6.343037216027807
7.103093380311186	6.34253268828526
7.143248954203392	6.342032072817405
7.183075375480779	6.341535449926899
7.22257521460464	6.341042899451889
7.261751006085469	6.340554500778207
7.300605248302212	6.340070332815037
7.339140403715402	6.339590474010508
7.377358900371944	6.339115002361886
7.41526313215319	6.338643995409374
7.452855459990929	6.338177530245032
7.4901382117384925	6.3377156835094794
7.527113683481861	6.337258531404839
7.563784139874961	6.336806149689718
7.60015181430232	6.33635861368599
7.63621891026143	6.3359159982874
7.671987601045482	6.335478377953143
7.7074600311553585	6.3350458267219425
7.742638315869173	6.334618418204979
7.777524543019107	6.334196225600946
7.812120771723684	6.333779321684373
7.846429034531915	6.333367778830329
7.880451337264072	6.332961668998106
7.914189659304569	6.33256106374239
7.947645954485129	6.332166034218799
7.9808221512032285	6.331776651182359
8.013720153127867	6.331392984994842
8.0463418394729	6.331015105625108
8.078689065996294	6.330643082654339
8.110763664228966	6.330276985272911
8.142567443239196	6.329916882297206
8.174102189321598	6.329562842157564
8.20536966651157	6.329214932909656
8.236371617537117	6.3288732222363375
8.26710976302541	6.328537777444744
8.297585803433009	6.328208665482218
8.327801418253527	6.327885952922623
8.357758267089496	6.327569705981971
8.387457989648327	6.327259990513916
8.416902206127313	6.326956872016583
8.446092518433728	6.326660415635089
8.475030509055479	6.326370686155747
8.503717742557097	6.326087748023696
8.532155765798501	6.32581166533406
8.560346107976605	6.325542501836008
8.588290281167989	6.325280320938257
8.615989780595179	6.325025185709647
8.643446084937377	6.324777158882266
8.670660656900333	6.324536302854039
8.697634943170959	6.324302679688997
8.724370375068313	6.324076351122842
8.750868368797601	6.32385737856236
8.77713032553737	6.32364582308829
8.803157632281746	6.3234417454593075
8.82895166130003	6.323245206110044
8.854513771425161	6.323056265159707
8.879845307439037	6.32287498240672
8.904947601057373	6.322701417337509
8.929821970772087	6.322535629123527
8.954469722497883	6.322377676626369
8.97889214934517	6.322227618397351
9.003090532609878	6.322085512682582
9.027066141202189	6.321951417420567
9.050820232739616	6.3218253902489465
9.074354053252325	6.32170748850172
9.097668837581615	6.321597769214131
9.120765809771509	6.3214962891235995
9.143646182980135	6.321403104670879
9.166311160380598	6.321318272003146
9.188761934459166	6.321241846973184
9.210999688197662	6.3211738851444474
9.23302559477491	6.321114441789405
9.254840817640623	6.321063571892991
9.276446511593669	6.321021330154236
9.29784382174477	6.320987770986078
9.319033884932198	6.320962948519184
9.34001782907948	6.320946916601356
9.360796774279601	6.320939728800077
9.381371831778242	6.320941438403394
9.4017441056397	6.320952098421451
9.421914691619193	6.3209717615879395
9.441884678195303	6.321000480360825
9.461655146683896	6.3210383069239615
9.481227170953774	6.321085293188602
9.500601818182933	6.321141490793407
9.51978014882752	6.321206951106753
9.53876321660382	6.321281725227456
9.557552069049114	6.321365863984839
9.576147747475703	6.321459417941135
9.594551287201526	6.321562437391554
9.612763717665116	6.321674972365337
9.630786062660672	6.3217970726261346
9.648619340742194	6.321928787673039
9.666264564919317	6.322070166743183
9.683722743265886	6.322221258808913
9.700994878633093	6.32238211258181
9.7180819692826	6.322552776509261
9.734985008855737	6.322733298779191
9.75170498648859	6.322923727318992
9.76824288688073	6.323124109795426
9.784599690657114	6.323334493613691
9.80077637441554	6.323554925920116
9.816773910960807	6.323785453601134
9.832593269388317	6.324026123284634
9.848235415101353	6.324276981339224
9.863701310182114	6.324538073872015
9.878991913464784	6.324809446732036
9.894108180497827	6.325091145509167
9.909051064110992	6.325383215530467
9.923821513937193	6.32568570186799
9.938420477218672	6.325998649326322
9.95284889841905	6.3263221024556024
9.967107719545629	6.3266561055401835
9.98119788042183	6.327000702601655
9.995120318430454	6.32735593740165
10.008875969195898	6.327721853431321
10.022465766083652	6.328098493924445
10.035890640884984	6.328485901839789
10.049151523555945	6.328884119874954
10.062249342604458	6.329293190454311
10.075185024979653	6.329713155735302
10.087959496464396	6.330144057599705
10.100573681344212	6.330585937660807
10.113028503011867	6.331038837246136
10.125324883969268	6.331502797412021
10.137463745424814	6.331977858938277
10.149446008285908	6.332464062305425
10.161272592470084	6.332961447726224
10.172944417520963	6.333470055111249
10.184462402621964	6.333989924086275
10.195827466517922	6.3345210939859165
10.207040527563516	6.335063603841799
10.218102504339251	6.3356174923751425
10.229014315046808	6.336182798017977
10.239776878309186	6.336759558873913
10.2503911126716	6.337347812749283
10.26085793707013	6.33794759711701
10.271178270801641	6.338558949131046
10.281353033672284	6.339181905614142
10.291383145996832	6.339816503055209
10.301269528708891	6.34046277759726
10.311013103755258	6.341120765031341
10.320614793582168	6.341790500810149
10.330075521886927	6.34247201999988
10.339396213143337	6.343165357317666
10.348577793125127	6.343870547083582
10.35762118867865	6.3445876232433385
10.366527328114525	6.3453166193354456
10.375297140908563	6.346057568505445
10.383931558278139	6.346810503464191
10.392431512732227	6.34757545651818
10.400797938612854	6.348352459512169
10.409031771773277	6.34914154385711
10.417133950057554	6.349942740480117
10.42510541304829	6.350756079848177
10.432947102343475	6.3515815919215735
10.440659961667361	6.352419306157608
10.448244936691067	6.353269251498788
10.455702975307641	6.3541314563274085
10.463035027773314	6.355005948467868
10.470242046595006	6.355892755175769
10.477324986715542	6.356791903095383
10.484284805537783	6.357703418250599
10.491122463057836	6.358627326015569
10.497838921869272	6.359563651098018
10.50443514723558	6.360512417504287
10.510912107284348	6.361473648511243
10.51727077284183	6.36244736665525
10.52351211775312	6.36343359366638
10.529637118658469	6.364432350473008
10.535646755392625	6.365443657120806
10.541542010764465	6.36646753278852
10.547323870814608	6.3675039957015285
10.552993324734834	6.368553063121831
10.558551365049956	6.369614751277761
10.563998987517298	6.370689075337522
10.569337191397334	6.371776049326962
10.574566979350992	6.3728756861157905
10.579689357509212	6.373987997328053
10.584705335619388	6.375112993281055
10.58961592700663	6.376250682938522
10.594422148666505	6.377401073819492
10.599125021303347	6.378564171930912
10.603725569420273	6.379739981683356
10.608224821292527	6.380928505814431
10.612623809080912	6.382129745276957
10.616923568873892	6.3833436991563755
10.621125140682414	6.384570364564425
10.625229568544677	6.38580973651144
10.629237900522755	6.3870618078021115
10.633151188808352	6.388326568892016
10.636970489672308	6.389604007768609
10.640696863562196	6.390894109773248
10.644331375176842	6.392196857459315
10.647875093406766	6.393512230434742
10.651329091442134	6.394840205144279
10.654694446795117	6.39618075469744
10.657972241320666	6.397533848653106
10.661163561248719	6.398899452787393
10.664269497220106	6.400277528849079
10.66729114431987	6.401668034298959
10.67022960212048	6.403070922029286
10.673085974669219	6.404486140067767
10.675861370563878	6.405913631232395
10.678556902899222	6.407353332804389
10.681173689425798	6.408805176109757
10.683712852425769	6.410269086184075
10.686175518814442	6.41174498125635
10.688562820187434	6.4132327723196445
10.690875892772757	6.414732362642041
10.693115877486289	6.416243647180295
10.69528391995618	6.417766512013724
10.697381170526164	6.419300833717053
10.699408784310878	6.420846478671144
10.701367921167046	6.422403302361145
10.703259745721725	6.423971148559127
10.705085427450436	6.4255498484887426
10.706846140596289	6.427139219975172
10.708543064283036	6.428739066396952
10.710177382471684	6.430349175735488
10.711750284007504	6.431969319418803
10.713262962641412	6.433599251172675
10.714716617016318	6.435238705776346
10.716112450706314	6.436887397703154
10.717451672250846	6.438545019739923
10.718735495132492	6.440211241532684
10.719965137777892	6.441885707993455
10.721141823594628	6.443568037661856
10.722266780946326	6.445257821059184
10.723341243128537	6.446954618916386
10.724366448341787	6.448657960366668
10.725343639657657	6.450367341121932
10.72627406491958	6.452082221658014
10.727158976662349	6.453802025338717
10.727999631951189	6.455526136658852
10.728797292246577	6.457253899478926
10.72955322311422	6.458984615513383
10.73026869395645	6.460717542773924
10.730944977628884	6.462451894399672
10.73158334997109	6.464186837683517
10.732185089232612	6.465921493442177
10.73275147538502	6.467654935790623
10.73328378927773	6.46938619241189
10.733783311671724	6.471114245314597
10.73425132207086	6.472838032298033
10.734689097400818	6.474556448984753
10.735097910483693	6.47626835167579
10.73547902831772	6.4779725609363465
10.735833710152157	6.479667865986932
10.736163205369266	6.481353029866586
10.73646875118902	6.483026795373235
10.73675157018905	6.484687891760325
10.737012867703513	6.486335041971899
10.737253829107567	6.487966970495497
10.737475617030565	6.4895824115599465
10.737679368565587	6.491180117507506
10.737866192503859	6.492758867300609
10.73803716666226	9.513382043748297
10.813884516233083	9.513388338193039
10.845038179323423	9.515938922522025
10.878976551555299	9.516858719174408
10.912844550276382	9.517785597780868
10.947482429517231	9.518638751179186
10.982686207133915	9.519443328497857
11.018545154498199	9.520196629144976
11.055067742949133	9.520903006468357
11.092286972090506	9.521564867684674
11.130230850438368	9.522185007967748
11.168930891293478	9.522766006810171
11.20841988462831	9.52331038662701
11.248732723046784	9.523820573379382
11.289906381830814	9.524298908869637
11.331980162197715	9.524747649707077
11.374995884522844	9.52516896989539
11.418998126994538	9.525564962613242
11.464034482581482	9.525937642381518
11.510155851508735	9.526288947275606
11.557416765454654	9.52662074132685
11.605875754587888	9.52693481705072
11.655595760258647	9.527232898164133
11.706644603518829	9.527516642481645
11.75909551566701	9.527787645029175
11.81302774479687	9.528047441383663
11.868527249985931	9.528297511287594
11.925687500431403	9.528539282566566
11.984610398580122	9.528774135402369
12.045407355032015	9.529003407015722
12.108200544454798	9.529228396843488
12.173124387178753	9.5294503722936
12.240327306891501	9.529670575213308
12.309973835323074	9.529890229218008
12.382247160272552	9.530110548092669
12.45735224367865	9.530332745552657
12.53551968838356	9.530558046739296
12.61701061579265	9.530787701980035
12.702122932194728	9.53102300358841
12.79119955560438	9.531265306815785
12.884639518244297	9.53151605663392
12.982913435301345	9.531776823023794
13.086585903074948	9.532049349111027
13.1963494824913	9.53233561958411
13.31307935252641	9.532637962856857
13.437927806357596	9.532959213152859
13.572503764682962	9.533302987607037
13.710199185541718	9.533674207876093
13.843155462150193	9.534055107666534
13.974995235631782	9.53442418296697
14.105450326168874	9.534791579600661
14.23506143373481	9.535156630648011
14.363961846718665	9.535520897174752
14.492302495820601	9.535884789333403
14.620165262089182	9.53624875770284
14.747611261324419	9.536613052331353
14.87468057140092	9.536977860356497
15.001401306724059	9.537343306254657
15.127792806739107	9.537709478348889
15.253868609104833	9.53807643839905
15.379638213607677	9.53844423046954
15.505108349860333	9.538812886248671
15.630283830948636	9.539182428884358
15.755168148422875	9.539552875583457
15.879763862364978	9.539924239432796
16.00407290538517	9.54029653060173
16.128096752185975	9.540669757280408
16.25183658062535	9.541043926210683
16.37529333958854	9.541419043186934
16.498467835057525	9.541795113273102
16.621360760173115	9.542172141072154
16.743972739215938	9.54255013082392
16.866304341244785	9.54292908654406
16.988356096480832	9.543309012069262
17.110128512706982	9.543689911109931
17.231622074472693	9.544071787302789
17.352837255905133	9.544454644209493
17.473774518226026	9.54483848535756
17.59443432349817	9.545223314233112
17.714817112438926	9.545609134324986
17.83492333892971	9.545995949054113
17.95475343948014	9.546383761884119
18.07430785795155	9.546772576223443
18.19358703093655	9.547162395505108
18.312591392791678	9.547553223139511
18.43132138168158	9.547945062530658
18.549777425673778	9.548337917096177
18.667959958696084	9.548731790221414
18.785869407738506	9.54912668531216
18.903506203989416	9.549522605752152
19.020870773858878	9.549919554940264
19.137963543908892	9.550317536260403
19.254784936928584	9.550716553098042
19.371335380267343	9.55111660882682
19.487615292749382	9.551517706837052
19.60362509709601	9.551919850490798
19.719365212307558	9.552323043164495
19.834836061162953	9.552727288222684
19.950038058771618	9.553132589044125
20.064971626472634	9.553538948981728
20.17963717431612	9.55394637141132
20.294035120831186	9.554354859669706
20.40816587930491	9.55476441712468
20.522029860252403	9.555175047126344
20.635627480367194	9.555586753015664
20.748959145485	9.555999538156888
20.862025265953847	9.55641340587579
20.974826250403673	9.556828359515315
21.08736250723422	9.557244402412998
21.19963444397195	9.557661537906409
21.31164246617609	9.558079769330792
21.423386974894264	9.558499100014943
21.534868376740317	9.558919533271494
21.64608707237009	9.559341072434755
21.757043465708144	9.559763720817399
21.86773795268063	9.560187481745286
21.978170934937417	9.560612358514492
22.088342812041528	9.561038354443664
22.198253978518547	9.561465472844283
22.3079048329668	9.561893717009
22.41729577013847	9.562323090246977
22.52642718552965	9.562753595853103
22.63529947162929	9.563185237125888
22.743913018124047	9.563618017352642
22.85226821990469	9.56405193981007
22.960365468522138	9.564487007796286
23.068205150629144	9.564923224596829
23.175787656477972	9.565360593478054
23.283113373648465	9.56579911772144
23.390182687860797	9.566238800598242
23.49699598718782	9.56667964537266
23.603553655403758	9.567121655319166
23.709856076547805	9.567564833695094
23.815903632577193	9.568009183759383
23.921696707541624	9.568454708762774
24.027235681257228	9.568901411965337
24.132520934170987	9.569349296609841
24.237552846236248	9.569798365942173
24.342331796573422	9.570248623206629
24.44685816424676	9.57070007164447
24.5511323222909	9.571152714497268
24.655154648833935	9.571606554980907
24.75892552050882	9.572061596333754
24.862445309840894	9.572517841788263
24.965714388244365	9.572975294559292
25.068733131764507	9.573433957857056
25.171501909174943	9.573893834912766
25.27402109043613	9.574354928925684
25.376291050532508	9.5748172431006
25.478312152560342	9.575280780665466
25.580084768577905	9.57574554479481
25.681609265644862	9.576211538704136
25.782886009765058	9.576678765586625
25.883915365400263	9.577147228630887
25.984697698123448	9.577616931018662
26.085233372962232	9.578087875937117
26.185522752188188	9.57856006657125
26.28556619902679	9.57903350609343
26.385364075687967	9.57950819768078
26.484916742479697	9.57998414450595
26.584224558557565	9.580461349732792
26.68328788420514	9.580939816519821
26.78210707880134	9.581419548031217
26.88068249784508	9.5819005474271
26.97901450087719	9.582382817848902
27.077103442693247	9.582866362458006
27.17494967779293	9.583351184392772
27.2725535626985	9.583837286790171
27.369915451553787	9.58432467279742
27.46703569598875	9.584813345550163
27.563914647125763	9.585303308171548
27.66055265969559	9.585794563782176
27.756950082696125	9.58628711552112
27.8531072671583	9.586780966498504
27.94902456149651	9.587276119834893
28.04470231732659	9.587772578637516
28.1401408771768	9.588270346030326
28.235340594125464	9.588769425090067
28.330301812042766	9.589269818948612
28.42502487715071	9.589771530689786
28.519510134135434	9.590274563409748
28.613757928861133	9.590778920196563
28.707768603052575	9.591284604144665
28.80154249993646	9.591791618326326
28.895079962849525	9.59229996582182
28.988381332872038	9.59280964971209
29.081446952276476	9.593320673065838
29.174277158897247	9.593833038958312
29.266872294052572	9.594346750440302
29.359232696315264	9.594861810581751
29.451358703952298	9.595378222437414
29.54325065470304	9.595895989060264
29.63490888571027	9.596415113500266
29.72633373203143	9.596935598803972
29.817525530315105	9.597457448005983
29.908484616404994	9.597980664149855
29.999211323271243	9.598505250274554
30.08970598533316	9.599031209402371
30.17996893438517	9.59955854456382
30.27000050566213	9.600087258773994
30.35980102781716	9.600617355068046
30.449370832585863	9.601148836442297
30.53871025300218	9.601681705910957
30.627819616171635	9.602215966495951
30.716699252200772	9.602751621183641
30.805349491122488	9.603288672978069
30.893770658414848	9.603827124882764
30.981963083342915	9.604366979873367
31.069927093669747	9.604908240948307
31.15766301402299	9.605450911096753
31.245171170579777	9.60599499328829
31.33245189026681	9.606540490501757
31.419505494204994	9.607087405720538
31.506332308704653	9.607635741891354
31.592932657706875	9.608185501993173
31.679306862244555	9.608736688989904
31.765455245616252	9.609289305826602
31.851378130202495	9.609843355462424
31.937075835935307	9.610398840850431
32.022548683330406	9.610955764927523
32.10779699271594	9.61151413063396
32.1928210838189	9.612073940908438
32.27762127459439	9.61263519868539
32.36219788518736	9.61319790688716
32.44655123122161	9.61376206845025
32.53068163148394	9.614327686280655
32.61458940288474	9.61489476330506
32.698274861711084	9.615463302437234
32.78173832145166	9.616033306586315
32.86498010174302	9.616604778641829
32.948000512221014	9.617177721534992
33.03079987131093	9.61775213812786
33.11337848993426	9.618328031342612
33.195736682026066	9.618905404048995
33.27787476034187	9.619484259137131
33.35979303653922	9.62006459948843
33.441491822861146	9.62064642797601
33.522971430666594	9.621229747476622
33.60423216838297	9.621814560860223
33.68527434929037	9.622400870975085
33.76609828235455	9.622988680703894
33.84670427477928	9.623577992897722
33.92709263840122	9.62416881039403
34.00726367889548	9.624761136063624
34.08721770590847	9.625354972731452
34.16695502415391	9.625950323251114
34.24647594321781	9.626547190438874
34.325780768628135	9.627145577146722
34.40486980526256	9.627745486195675
34.483743360129964	9.628346920401004
34.56240173739975	9.628949882593487
34.640845241512594	9.629554375581598
34.7190741767965	9.630160402175088
34.797088848235724	9.630767965182102
34.87488955752422	9.631377067415245
34.952476607035564	9.631987711660713
35.02985030082996	9.632599900709081
35.107010939467884	9.6332136373635
35.183958825773544	9.633828924398655
35.26069426086228	9.634445764606406
35.33721754328685	9.635064160764225
35.41352897549154	9.635684115627953
35.48962885718052	9.636305631984015
35.56551748826565	9.636928712595875
35.64119516682652	9.637553360227816
35.71666219172382	9.638179577628135
35.79191886087197	9.63880736755058
35.86696547346022	9.639436732740098
35.94180232517221	9.640067675951409
36.01642971560616	9.64070019990882
36.09084793826269	9.641334307368723
36.16505729189382	9.641970001034771
36.239058071680624	9.642607283654279
36.312850574521796	9.64324615794309
36.386435093005915	9.643886626630847
36.45981192355628	9.644528692408706
36.53298136160895	9.645172358000018
36.60594369995833	9.645817626118639
36.678699232475694	9.646464499454055
36.75124825202617	9.647112980704028
36.82359105255218	9.647763072556202
36.89572792700228	9.648414777706712
36.967659166464735	9.64906809884171
37.039385064000825	9.649723038629244
37.11090591228913	9.650379599754052
37.18222200013839	9.651037784896346
37.25333361863474	9.651697596699432
37.324241061814405	9.65235903782612
37.39494461698927	9.653022110965654
37.46544457461732	9.653686818743292
37.53574122471058	9.654353163812218
37.60583485741668	9.655021148820147
37.67572576022427	9.65569077641484
37.745414223291036	9.65636204921726
37.81490053357163	9.657034969872534
37.884184980008136	9.657709540993515
37.95326785085944	9.658385765210802
38.02214943348836	9.659063645147018
38.09083001375933	9.659743183414571
38.15930987919198	9.660424382609477
38.22758931693875	9.661107245342524
38.295668613682295	9.66179177421944
38.3635480547031	9.662477971839781
38.43122792572415	9.663165840787393
38.498708512083674	9.663855383648897
38.56599009896395	9.664546603005377
38.63307297150725	9.665239501434645
38.699957414602395	9.665934081512464
38.766643712402356	9.666630345810344
38.833132148554746	9.667328296890437
38.899423008052814	9.668027937307816
38.96551657247539	9.66872926962999
39.031413126273314	9.66943229638656
39.097112953146144	9.67013702013569
39.16261633514678	9.670843443425902
39.22792355441223	9.671551568786192
39.29303489300812	9.672261398744446
39.357950634047405	9.67297293582579
39.42267105941086	9.673686182564936
39.48719644945088	9.674401141481258
39.55152708590338	9.675117815075186
39.61566324983436	9.675836205860358
39.67960522254051	9.676556316340962
39.74335328529137	9.677278149021754
39.80690771627418	9.678001706405226
39.87026879767038	9.678726990956669
39.933436808548564	9.679454005184658
39.99641202871157	9.680182751560114
40.0591947380267	9.6809132325601
40.12178521479568	9.681645450660247
40.18418373949707	9.682379408315633
40.24639058928189	9.683115108004552
40.30840604424549	9.68385255216381
40.37023038230086	9.684591743262628
40.43186388132378	9.685332683742022
40.49330681996124	9.686075376040023
40.55455947617806	9.686819822601517
40.61562212796869	9.687566025860761
40.676495051475044	9.688313988249913
40.73717852547214	9.689063712175837
40.797672826009915	9.68981520007518
40.85797823068512	9.690568454348385
40.91809501617528	9.691323477412418
40.978023458940804	9.692080271670175
41.03776383494134	9.692838839519101
41.09731642091153	9.6935991833475
41.15668149266217	9.694361305550757
41.21585932620852	9.69512520850969
41.274850196763275	9.695890894604887
41.33365438124773	9.696658366203643
41.39227215387681	9.697427625692628
41.450703790156304	9.698198675420281
41.50894956487725	9.698971517748854
41.56700975497331	9.699746155028137
41.624884632276476	9.700522589633524
41.68257447347144	9.701300823869133
41.740079552159514	9.702080860100876
41.79740014306611	9.702862700650087
41.85453652082128	9.703646347850043
41.91148895834169	9.704431804029582
41.9682577311195	9.705219071490635
42.02484311170364	9.706008152567371
42.08124537480506	9.706799049549812
42.13746479255281	9.707591764754667
42.19350164052156	9.70838630045893
42.24935619058749	9.709182658984762
42.30502871679516	9.709980842598478
42.36051949085613	9.710780853593604
42.41582878687756	9.711582694226525
42.47095687828099	9.712386366784433
42.525904036608665	9.713191873541136
42.580670535083655	9.713999216739193
42.63525664619142	9.714808398641875
42.6896626424511	9.71561942149782
42.743888796510845	9.716432287552266
42.797935379611246	9.717246999048491
42.85180266503728	9.71806355820457
42.90549092424665	9.71888196726536
42.95900042982464	9.719702228444035
43.012331453041874	9.72052434396681
43.065484265786225	9.721348316035566
43.118459140173634	9.722174146857375
43.171256347648935	9.72300183863863
43.223876159903526	9.723831393570968
43.2763188483669	9.724662813845494
43.32858468464418	9.725496101644747
43.38067394001217	9.726331259149593
43.43258688500871	9.72716828853113
43.48432379134845	9.72800719194388
43.53588493082234	9.728847971556622
43.5872705737969	9.729690629534883
43.63848099199665	9.730535168016187
43.68951645558218	9.731381589155504
43.74037723579131	9.732229895077122
43.791063603941325	9.733080087918166
43.8415758300778	9.733932169812238
43.89191418636446	9.734786142866511
43.9420789423612	9.73564200921889
43.992070368368445	9.736499770958002
44.041888735993915	9.73735943017958
44.09153431620132	9.738220988996611
44.14100737840079	9.739084449505873
44.1903081940144	9.739949813771645
44.2394370332545	9.740817083887773
44.28839416650572	9.741686261921469
44.33717986460975	9.742557349937304
44.38579439736279	9.743430350002365
44.434238035512635	9.744305264159308
44.48251104945661	9.745182094462017
44.53061370996096	9.74606084295226
44.57854628675911	9.746941511672677
44.626309050559854	9.747824102641
44.6739022714533	9.748708617886768
44.7213262197016	9.749595059421992
44.76858116632328	9.750483429255613
44.81566738071397	9.751373729404579
44.86258513427131	9.752265961848956
44.90933469668241	9.753160128600271
44.955916338310146	9.75405623163116
45.00233032924816	9.754954272920504
45.04857694012538	9.755854254435327
45.09465644131999	9.756756178146327
45.14056910263641	9.75766004601262
45.18631519540963	9.758565859975137
45.23189498907819	9.75947362199808
45.27730875436516	9.760383334001132
45.32255676183245	9.76129499792231
45.36763928174652	9.76220861568935
45.412556584495086	9.76312418921679
45.45730894070493	9.76404172041424
45.50189662095821	9.764961211188782
45.546319895694964	9.765882663439148
45.59057903544174	9.766806079053557
45.63467431110801	9.767731459914325
45.67860599302529	9.768658807904066
45.72237435196399	9.769588124885445
45.76597965853402	9.770519412722406
45.80942218369295	9.771452673267483
45.85270219804698	9.772387908372549
45.89581997263904	9.773325119873748
45.93877577821894	9.774264309608379
45.98156988588556	9.775205479399013
46.024202566676216	9.776148631067386
46.06667409137119	9.77709376642538
46.108984731231835	9.778040887270478
46.1511347575585	9.778989995402084
46.1931244414961	9.779941092611708
46.23495405449024	9.780894180678434
46.27662386778534	9.78184926137914
46.31813415284441	9.78280633647699
46.35948518122255	9.783765407730904
46.40067722434246	9.784726476892617
46.44171055367494	9.78568954570133
46.482585441581165	9.786654615887745
46.52330215938934	9.787621689193926
46.56386097867626	9.788590767327877
46.604262172195575	9.789561851993433
46.64450601131781	9.790534944912704
46.684592768542075	9.791510047764554
46.7245227158665	9.792487162244855
46.76429612581098	9.79346629002706
46.80391327064778	9.794447432786987
46.84337442280275	9.79543059218388
46.88267985476925	9.796415769870116
46.92182983972436	9.79740296748896
46.96082464997651	9.79839218669008
46.999664558507796	9.799383429090302
47.03834983837808	9.800376696312323
47.07688076251701	9.801371989969681
47.115257604237975	9.802369311661224
47.15348063690286	9.803368662984244
47.19155013387207	9.804370045525785
47.229466368733185	9.805373460861162
47.26722961503389	9.80637891055985
47.30484014669308	9.807386396178321
47.342298237155234	9.808395919270872
47.379604160775926	9.809407481366822
47.416758191581906	9.810421084007679
47.45376060383104	9.811436728713666
47.49061167196197	9.812454416998703
47.52731167048517	9.81347415036897
47.56386087381697	9.814495930319804
47.60025955673837	9.815519758330876
47.63650799437314	9.816545635878848
47.672606461374365	9.817573564436836
47.70855523343587	9.8186035454512
47.7443545852232	9.81963558038441
47.780004792577316	9.820669670655782
47.815506131153064	9.821705817704565
47.85085887617776	9.822744022950808
47.88606330398841	9.823784287787813
47.921119690432214	9.824826613627152
47.95602831179654	9.825871001851624
47.990789444250964	9.826917453842501
48.02540336403238	9.82796597096281
48.0598703482422	9.829016554562562
48.094190673452246	9.830069206002992
48.128364616783124	9.831123926614111
48.16239245521853	9.832180717727383
48.196274465869976	9.833239580654563
48.2300109261538	9.834300516695595
48.263602113937196	9.83536352714404
48.297048306676146	9.836428613291725
48.330349782465206	9.8374957764013
48.363506819422255	9.838565017739343
48.396519695703226	9.839636338556748
48.429388690023764	9.840709740088924
48.46211408068162	9.841785223572641
48.49469614653171	9.842862790214
48.52713516686007	9.843942441220081
48.55943142039552	9.84502417779499
48.5915851866402	9.84610800110671
48.62359674511802	9.847193912331246
48.655466375726334	9.848281912627492
48.68719435807556	9.849372003148979
48.71878097251005	9.850464185021124
48.750226499090154	9.85155845937605
48.78153121862962	9.852654827317426
48.81269541145895	9.853753289956312
48.843719358633614	9.854853848367826
48.87460334101005	9.855956503633307
48.90534764018867	9.857061256807603
48.93595253742422	9.858168108952524
48.96641831424184	9.859277061097709
48.9967452527441	9.860388114262369
49.02693363493136	9.861501269466515
49.05698374301301	9.862616527706061
49.08689585976019	9.863733889963893
49.11667026749807	9.864853357222968
49.14630724959749	9.865974930428488
49.17580708884573	9.867098610543682
49.20517006857	9.868224398488282
49.23439647245513	9.869352295180674
49.26348658434195	9.870482301531059
49.29244068814786	9.871614418433591
49.321259068303654	9.872748646763007
49.34994200887764	9.873884987391563
49.378489794965915	9.875023441154346
49.40690271114729	9.876164008904086
49.43518104286362	9.877306691449679
49.463325075212126	9.878451489611095
49.49133509405995	9.879598404170684
49.519211384691765	9.880747435918085
49.54695423372816	9.881898585594755
49.57456392721613	9.883051853972685
49.60204075170521	9.88420724177556
49.62938499407897	9.885364749722948
49.65659694130252	9.886524378523308
49.68367688043959	9.887686128863136
49.71062509925902	9.888850001407281
49.73744188547929	9.890015996824886
49.76412752676687	9.891184115756849
49.790682311810464	9.892354358815137
49.81710652884293	9.893526726629736
49.843400466691904	9.894701219783691
49.869564414299916	9.895877838859032
49.895598660804744	9.897056584415417
49.92150349591176	9.898237456993362
49.947279209275884	9.899420457131038
49.972926090833845	9.900605585336033
49.998444431024964	9.901792842100106
50.02383452020466	9.902982227909359
50.04909664934113	9.904173743216795
50.07423110937181	9.905367388474598
50.09923819162904	9.906563164103776
50.12411818767105	9.907761070513931
50.14887138927763	9.908961108095093
50.173498088585674	9.910163277217226
50.19799857834038	9.91136757823659
50.222373150759054	9.9125740115081
50.24662209895617	9.913782577329155
50.27074571628192	9.914993276009445
50.29474429596916	9.916206107838454
50.31861813192966	9.917421073067228
50.34236751806929	9.918638171948219
50.36599274880631	9.919857404700478
50.389494118758755	9.921078771535829
50.412871922685945	9.922302272642728
50.4361264557328	9.92352790818282
50.459258013424595	9.924755678303395
50.48226689151312	9.925985583137077
50.505153385845546	9.9272176227935
50.527917792955094	9.92845179735188
50.55056040933591	9.929688106892604
50.57308153181202	9.930926551457972
50.59548145762497	9.932167131071715
50.61776048424894	9.933409845743718
50.63991890931859	9.934654695459663
50.66195703095098	9.935901680176602
50.68387514752742	9.937150799840762
50.705673557604655	9.938402054375171
50.727352560196756	9.93965544367424
50.74891245450922	9.94091096761965
50.7703535400271	9.942168626064863
50.79167611668713	9.943428418839854
50.81288048454823	9.944690345761035
50.83396694405077	9.94595440661162
50.854935795946815	9.947220601156602
50.87578734140098	9.948488929138431
50.89652188158611	9.94975939028296
50.917139718239895	9.9510319842745
50.93764115341109	9.952306710789443
50.95802648931184	9.953583569480724
50.97829602851816	9.954862559968252
50.99845007390458	9.95614368185105
51.01848892875875	9.95742693470292
51.038412896571224	9.95871231807953
51.058222281215315	9.959999831504758
51.07791738681987	9.961289474481905
51.097498517851385	9.962581246485215
51.116965979146826	9.96387514696491
51.13632007569571	9.965171175349152
51.15556111301886	9.966469331029248
51.17468939681078	9.967769613384636
51.193705233206416	9.9690720217587
51.21260892852173	9.970376555476504
51.231400789411495	9.971683213826811
51.25008112314319	9.972991996072471
51.268650236694434	9.974302901469471
51.28710843805155	9.975615929203363
51.30545603510147	9.9769310784802
51.323693336175175	9.978248348448249
51.34182064994633	9.979567738235998
51.359838285362244	9.980889246944788
51.37774655163491	9.982212873643455
51.39554575847651	9.983538617367238
51.41323621595711	9.984866477134924
51.43081823425346	9.98619645193831
51.44829212401143	9.987528540722884
51.465658196165684	9.988862742414659
51.48291676209887	9.99019905590633
51.500068133326124	9.991537480069265
51.51711262179404	9.992878013728781
51.534050539842895	9.994220655686869
51.55088220007537	9.99556540471919
51.56760791541825	9.996912259564407
51.58422799918242	9.998261218928636
51.60074276498813	9.999612281490005
51.61715252670609	10.000965445892351
51.63345759879468	10.002320710739943
51.64965829573926	10.00367807462505
51.66575493262457	10.005037536081243
51.68174782468447	10.00639909363064
51.69763728763394	10.007762745745922
51.71342363735522	10.00912849087803
51.72910719023822	10.010496327429037
51.744688262995844	10.01186625378106
51.76016717249806	10.013238268280226
51.77554423623039	10.014612369221489
51.79081977174191	10.015988554888848
51.80599409708844	10.017366823506014
51.82106753071561	10.01874717327555
51.836040391225545	10.020129602368378
51.85091299767798	10.021514108901986
51.86568566957266	10.022900690967575
51.880358726537466	10.024289346628512
51.89493248857816	10.025680073890708
51.90940727621528	10.027072870725403
51.92378341021193	10.028467735082227
51.93806121160957	10.029864664862988
51.952241001842694	10.03126365792446
51.96632310270261	10.032664712089172
51.980307836325245	10.034067825141637
51.99419552512378	10.035472994826856
52.00798649192337	10.03688021884313
52.02168105993739	10.038289494855267
52.03527955266829	10.03970082049208
52.048782293866346	10.041114193335897
52.06218960772717	10.042529610917661
52.07550181869759	10.043947070737119
52.08871925178748	10.04536657024215
52.101842232091045	10.046788106861706
52.11487108521457	10.048211677954322
52.12780613695188	10.049637280853585
52.1406477136624	10.051064912832619
52.15339614166371	10.052494571145271
52.16605174812932	10.053926252958348
52.17861486012932	10.055359955451543
52.191085805327326	10.05679567570952
52.203464911639166	10.058233410800051
52.21575250730854	10.059673157735098
52.2279489209508	10.06111491347892
52.240054481430406	10.062558674952887
52.25206951813819	10.0640044390206
52.263994360598836	10.065452202520634
52.275829338795475	10.066901962219262
52.287574783002206	10.06835371484902
52.29923102384743	10.06980745708819
52.310798392291666	10.071263185568164
52.322277219606455	10.072720896870385
52.33366783742745	10.074180587523305
52.34497057768801	10.075642254008743
52.356185772654484	10.077105892753089
52.367313755005	10.078571500131373
52.37835485764021	10.080039072477383
52.389309413887695	10.081508606058494
52.40017775731578	10.082980097102254
52.410960221831246	10.084453541771296
52.421657141696386	10.085928936175868
52.432268851511786	10.087406276375944
52.44279568620847	10.088885558378635
52.4532379810156	10.090366778136838
52.46359607150439	10.091849931544328
52.4738702934909	10.093335014441577
52.48406098326904	10.09482202260142
52.49416847729293	10.0963109517624
52.50419311240153	10.097801797582447
52.514135225780095	10.099294555671053
52.52399515486832	10.10078922158359
52.53377323749147	10.102285790807182
52.54346981169967	10.103784258780141
52.5530852159293	10.10528462086717
52.56261978889125	10.106786872383726
52.57207386966066	10.108291008578558
52.58144779751613	10.109797024647476
52.590741912142256	10.111304915707471
52.599956553478286	10.11281467682868
52.60909206174843	10.114326303009886
52.618148777534714	10.115839789182878
52.627127041682236	10.117355130224265
52.636027195315364	10.118872320939525
52.64484957993808	10.120391356065205
52.65359453726523	10.121912230285846
52.662262409303445	10.12343493820488
52.67085353840842	10.124959474357933
52.67936826716345	10.12648583322275
52.6878069385126	10.128014009197525
52.69616989561512	10.12954399662435
52.704457481924585	10.131075789762813
52.7126700412388	10.132609382803809
52.72080791754028	10.13414476987875
52.72887145513341	10.135681945029642
52.7368609986231	10.137220902234219
52.74477689286948	10.138761635402005
52.75261948296386	10.140304138365451
52.760389114292785	10.141848404874779
52.76808613251991	10.143394428610156
52.77571088358119	10.144942203178081
52.7832637135906	10.146491722110307
52.79074496906018	10.14804297884427
52.79815499662676	10.149595966767878
52.805494143229836	10.151150679163234
52.812762756079124	10.152707109242886
52.819961182618314	10.154265250143208
52.827089770491014	10.155825094916546
52.83414886767707	10.157386636523388
52.84113882228392	10.158949867862006
52.84805998272786	10.160514781722455
52.854912697634866	10.162081370826323
52.861697315870515	10.163649627804636
52.86841418649429	10.165219545204389
52.875063658848525	10.166791115477784
52.881646082423956	10.16836433100282
52.888161806980655	10.169939184051614
52.89461118247912	10.171515666818731
52.90099455908617	10.173093771404828
52.90731228716103	10.174673489817842
52.913564717292076	10.176254813969326
52.91975220025871	10.177837735683521
52.925875087015	10.179422246687821
52.93193372874666	10.181008338608311
52.937928476783135	10.182596002984411
52.94385968268855	10.18418523124597
52.94972769814391	10.185776014737057
52.955532875070446	10.187368344684561
52.96127556550144	10.188962212231203
52.96695612173559	10.19055760840072
52.97257489611371	10.192154524140223
52.97813224123436	10.19375295025791
52.9836285097802	10.19535287748345
52.98906405462505	10.196954296418772
52.99443922881664	10.198557197568597
52.99975438548944	10.20016157133599
53.00500987794478	10.201767407996382
53.01020605962037	10.203374697721276
53.01534328407828	10.204983430569333
53.020421905002124	10.206593596482712
53.02544227620301	10.208205185286186
53.030404751602056	10.209818186689088
53.03530968521849	10.211432590279887
53.04015743121245	10.213048385522256
53.04494834380878	10.214665561769348
53.04968277732666	10.216284108238792
53.05436108621175	10.217904014022325
53.058983624957776	10.219525268097161
53.063550748148465	10.221147859299311
53.068062810465634	10.222771776337986
53.07252016659562	10.224397007799002
53.07692317136379	10.22602354211125
53.08127217960139	10.227651367595463
53.08556754622395	10.229280472416164
53.08980962613863	10.230910844610634
53.0939987743688	10.2325424720542
53.098135345904865	10.234175342508046
53.102219695780114	10.235809443562228
53.10625217907914	10.237444762664863
53.1102331508807	10.239081287126316
53.11416296625735	10.240719004096784
53.118041980306195	10.242357900565953
53.12187054810939	10.243997963376113
53.12564902473923	10.245639179206155
53.129377765252016	10.247281534573975
53.13305712466859	10.248925015834255
53.13668745800809	10.250569609170237
53.14026912020797	10.2522153006093
53.14380246620224	10.253862075987412
53.14728785083428	10.255509920985007
53.15072562891885	10.257158821087412
53.15411615517865	10.258808761614105
53.157459784272284	10.260459727689298
53.160756870782414	10.262111704255592
53.1640077691979	10.263764676069007
53.16721283389548	10.265418627690746
53.17037241917292	10.267073543478187
53.17348687918334	10.268729407602532
53.17655656798051	10.270386204015395
53.1795818394791	10.27204391647291
53.18256304746048	10.27370252851546
53.18550054554695	10.275362023471331
53.18839468723056	10.277022384443022
53.191245825814086	10.27868359432419
53.19405431443596	10.280345635766933
53.19682050605558	10.282008491196365
53.1995447534321	10.283672142802946
53.20222740914747	10.285336572530433
53.2048688255589	10.287001762090732
53.20746935479829	10.288667692935686
53.210029348800546	10.29033434625688
53.21254915922699	10.292001703004797
53.21502913751504	10.293669743840317
53.21746963483607	10.295338449167454
53.219871002106	10.297007799106561
53.22223358994297	10.298677773502256
53.224557748706914	10.300348351894957
53.22684382844495	10.302019513549366
53.229092178894426	10.303691237417004
53.23130314948008	10.305363502138675
53.23347708929397	10.307036286043227
53.235614347104715	10.308709567133487
53.23771527130534	10.3103833230944
53.239780209948044	10.312057531253426
53.24180951070205	10.313732168608379
53.24380352086231	10.315407211795005
53.24576258731198	10.317082637094845
53.24768705654562	10.318758420404789
53.249577274620385	10.32043453725746
53.25143358717701	10.32211096278024
53.2532563394056	10.323787671714179
53.25504587604466	10.32546463838467
53.25680254135994	10.327141836701163
53.25852667914774	10.328819240138374
53.26021863269262	10.33049682174035
53.261878744790124	10.332174554080353
53.26350735770651	10.333852409283594
53.26510481318037	10.3355303589882
53.266671452406385	10.337208374347124
53.26820761600681	10.338886426012266
53.26971364405103	10.340564484104421
53.27118987600481	10.342242518234984
53.272636650737965	10.343920497451064
53.2740543065048	10.345598390243682
53.27544318093127	10.347276164526013
53.276803610990555	10.348953787618692
53.27813593301123	10.350631226220546
53.279440482627706	10.352308446418743
53.28071759480259	10.353985413627216
53.28196760378108	10.355662092614354
53.28319084309646	10.35733844744428
53.28438764553427	10.359014441483268
53.28555834313841	10.360690037350686
53.28670326717444	10.362365196926511
53.287822748130814	10.36403988129879
53.28891711568816	10.365714050764083
53.2899866987092	10.36738766478106
53.291031825220905	10.369060681953298
53.29205282239372	10.370733059999914
53.29305001653209	10.372404755720492
53.294023733049876	10.374075724977327
53.294974296454384	10.375745922652452
53.29590203032406	10.377415302617287
53.296807257297885	10.37908381769019
53.29769029905116	10.38075141961361
53.298551476281055	10.38241805900604
53.299391108678094	10.38408368533039
53.30020951491831	10.38574824683407
53.30100701263267	10.387411690527324
53.30178391839732	10.389073962115617
53.3025405477063	10.390735005972086
53.303277214953035	10.392394765072531
53.30399423340899	10.394053180946425
53.30469191520573	10.395710193619822
53.30537057130652	10.397365741564272
53.30603051149337	10.399019761618947
53.30667204433781	10.40067218894675
53.30729547718501	10.402322956949098
53.307901116120725	10.403971997210803
53.30848926596367	10.405619239397629
53.3090602302288	10.407264611218078
53.309614311109144	10.408908038304453
53.310151809455554	10.410549444139656
53.31067302474235	10.412188749976572
53.31117825505423	10.413825874710785
53.311667797054845	10.41546073481345
53.31214194596067	10.417093244204327
53.312600995520576	10.418723314135027
53.313045237985534	10.42035085308735
53.313474964083305	10.421975766633162
53.31389046299075	10.423597957305432
53.314292022309104	10.425217324454618
53.314679928034465	10.426833764110594
53.315054464530945	10.428447168819847
53.31541591449886	10.430057427486291
53.31576455895	10.431664425183435
53.31610067717746	10.433268042989532
53.31642454672362	None
53.31671602931516	None
