4.475112530988122452e-06 1.000000000000000000e+03
2.581279627306073220e-05 1.000000000000000000e+03
4.324433392054395409e-05 1.000000000000000000e+03
6.367563419339472889e-05 1.000000000000000000e+03
9.397048890283622128e-05 1.000000000000000000e+03
1.446540427173701425e-04 1.000000000000000000e+03
2.039524695674515740e-04 1.000000000000000000e+03
2.914568104031822196e-04 9.999970588235294144e+02
3.920644718560952315e-04 9.999872130601366962e+02
5.450837217090221060e-04 9.998746296296296805e+02
7.594235309578888310e-04 9.997187792536369670e+02
1.032031251392031852e-03 9.996200612825074359e+02
1.413112645960962893e-03 9.994269623373954801e+02
1.920491432282349321e-03 9.990187246345860785e+02
2.621535480216405194e-03 9.979825707071025818e+02
3.468116299299716342e-03 9.959728861414985204e+02
4.723714934319605575e-03 9.925137495949236381e+02
6.366673893010710295e-03 9.867945329987745708e+02
8.613433533659708638e-03 9.774463087539243134e+02
1.161694099998098265e-02 9.629223185352445853e+02
1.566624773830011669e-02 9.399036135012462410e+02
2.111641434400630263e-02 9.061052507257703610e+02
2.838770486365651408e-02 8.605334890804131192e+02
3.819132555244132698e-02 8.056871836321006413e+02
5.145838663992811229e-02 7.444270233373558767e+02
6.918857719705101550e-02 6.812688888021494904e+02
9.309158128005111388e-02 6.194080240863238487e+02
1.253571387987118535e-01 5.624486652150474129e+02
1.691584124592507843e-01 5.100697482187501919e+02
2.278673864634546964e-01 4.629880419263583349e+02
3.085585950124837828e-01 4.209435753487588272e+02
4.151657529260889268e-01 3.845100286701750179e+02
5.610642239782683838e-01 3.528081685004019619e+02
7.619659964925583617e-01 3.247487933147069725e+02
1.018970590875276416e+00 3.003451425605909435e+02
1.382066310490463801e+00 2.778115208210848550e+02
1.852896790435774266e+00 2.601013081568922871e+02
2.500272802569626585e+00 2.462029395138932557e+02
3.413921228008542474e+00 2.352767545423394608e+02
4.559010539298964382e+00 2.270901890781987333e+02
6.125515610234530506e+00 2.205061633137103456e+02
8.274486943109581105e+00 2.156139487620295370e+02
1.101112964570370245e+01 2.126216415087731093e+02
1.462621173407470643e+01 2.108567746258547686e+02
2.100626394805043873e+01 2.099176794428194057e+02
3.062057369141743379e+01 2.093279468432257602e+02
4.057410766851516115e+01 2.070433561176015758e+02
5.353559324303009959e+01 1.969438646208881778e+02
6.827814105441120773e+01 1.740671884735218669e+02
9.263967561692906827e+01 1.358460696841647746e+02
1.250807165636698528e+02 1.017172737216987457e+02
1.672445255837228046e+02 7.589773127652526341e+01
2.234283229640669219e+02 5.564450876309449256e+01
3.032059037598075975e+02 3.882547209740470606e+01
4.083920658458662274e+02 2.706599384417352638e+01
5.338349105588974908e+02 1.950541265249308509e+01
6.946217032656611536e+02 1.412130359462777029e+01
9.649604444564029109e+02 9.675672492468867958e+00
1.365454751394869618e+03 6.578883042367310807e+00
1.844046165705613021e+03 4.803562976373322080e+00
2.521924131513222164e+03 3.487968877344324703e+00
3.394505992367749968e+03 2.469868553135853517e+00
4.489986187221987166e+03 1.992662855820135803e+00
5.134357223946909471e+03 1.961629058652443636e+00
nan nan
nan nan
nan nan
nan nan
nan nan
nan nan
