1.737670134691916417e-05 1.000000000000000000e+03
3.229351279390410860e-04 1.000000000000000000e+03
4.467931517767623445e-04 1.000000000000000000e+03
7.570645977664378036e-04 1.000000000000000000e+03
1.186765680065128125e-03 1.000000000000000000e+03
1.810809937445667346e-03 1.000000000000000000e+03
2.770551087529942065e-03 1.000000000000000000e+03
4.109500546066113640e-03 1.000000000000000000e+03
6.100129061899796194e-03 1.000000000000000000e+03
9.088900880059053861e-03 1.000000000000000000e+03
1.356734528584416580e-02 1.000000000000000000e+03
1.979373196257506323e-02 1.000000000000000000e+03
2.878809748904216301e-02 1.000000000000000000e+03
4.183374788258938104e-02 1.000000000000000000e+03
6.069529428332668536e-02 1.000000000000000000e+03
8.828529135624663127e-02 1.000000000000000000e+03
1.283335713150225987e-01 1.000000000000000000e+03
1.867561083490194562e-01 1.000000000000000000e+03
2.727519350657984232e-01 9.999984913793102805e+02
3.930714207050479136e-01 9.999909821428570922e+02
5.718180003255110000e-01 9.999469838572642857e+02
8.380457460983887774e-01 9.998999999999999773e+02
1.234608604498922180e+00 9.998999999999999773e+02
1.909252217535215790e+00 9.998962416614737094e+02
2.945861614311874099e+00 9.994958242802428003e+02
4.137406911402575993e+00 9.942302931364849883e+02
5.763819343795877792e+00 9.439440202930906025e+02
7.733628062396178393e+00 7.927355138110830239e+02
1.173653360100043308e+01 5.361332932055790934e+02
1.585996289786561952e+01 4.139431407871134070e+02
2.422283215747136964e+01 2.837043327716691579e+02
3.639584748424481830e+01 1.944578853751037855e+02
5.103937764776550523e+01 1.384250672109279208e+02
7.289902153114705641e+01 9.563335317051289053e+01
1.006443646834001413e+02 6.833892709714432101e+01
1.401606892561376867e+02 4.954849918814039711e+01
2.237548636361997012e+02 3.097379618194427309e+01
3.321813203509270807e+02 2.092805063676448185e+01
4.876662184909076245e+02 1.444759331369718858e+01
7.129147110554238225e+02 1.003169876203329203e+01
1.041895654174612218e+03 7.027263060729156408e+00
1.513552588302276490e+03 4.907546564607228490e+00
2.219523864807479185e+03 3.326827068254644360e+00
3.237086486937610061e+03 2.402395556822172207e+00
4.098531330845778029e+03 1.985031199739917485e+00
4.966902495573506712e+03 1.759512096902447587e+00
nan nan
nan nan
nan nan
nan nan
