1.091702068819456126e-05 9.999824011774601331e+02
2.848105123619286736e-05 9.997464494361205425e+02
5.266116615531830740e-05 9.980831131803263361e+02
9.080044465727249415e-05 9.884196100110900716e+02
1.433384922358580196e-04 9.571186064807741332e+02
2.227927183067133761e-04 8.822665574923960321e+02
3.388080051146164255e-04 7.684781140745911898e+02
5.172592257267525587e-04 6.460684788893070163e+02
7.968624470512537241e-04 5.421284073143908699e+02
1.217967284609369630e-03 4.621821529559067017e+02
1.891399367641372412e-03 3.959660722379470599e+02
2.890037128259411586e-03 3.398239907435090572e+02
4.432109686812735205e-03 2.897833782952862407e+02
6.731343117000894091e-03 2.470805202034847810e+02
1.022430140315097255e-02 2.097937058983121403e+02
1.560568407011093950e-02 1.779201653190425247e+02
2.368416710314403054e-02 1.510693047082089038e+02
3.679927290278932339e-02 1.278026342799709028e+02
5.661737882548069367e-02 1.097398142942704737e+02
8.432331038802318157e-02 9.745316108711014635e+01
1.265396750734558151e-01 8.818850457489503469e+01
1.964238356339766678e-01 8.171210445776497977e+01
2.831488799341216889e-01 7.782290427618420381e+01
4.650690059977174995e-01 7.482401079179936687e+01
7.071994300538312350e-01 7.307080190783769069e+01
1.024881811362618578e+00 7.183778792433476212e+01
1.629559809279647054e+00 7.088716127762248220e+01
2.546014360732985260e+00 7.040507890451138451e+01
3.799453381602086122e+00 7.015870158218677943e+01
6.094103060760807544e+00 6.999487753786658573e+01
8.882159400956638251e+00 6.997154769867813684e+01
1.380179551695067275e+01 6.984999999999999432e+01
2.105946433018593567e+01 6.984999999999999432e+01
3.282955595487059242e+01 6.984999999999999432e+01
5.765193043915515148e+01 6.967536635016065816e+01
8.526665627093360911e+01 6.662848588277270778e+01
1.209909015919284485e+02 5.783605461016245641e+01
1.721362345845747086e+02 4.604821315510507418e+01
2.648585909529834339e+02 3.264650222272682356e+01
3.973276229779422692e+02 2.243070625249407968e+01
6.074265162655954100e+02 1.519286561513637857e+01
9.431027316353220158e+02 1.019465359758993372e+01
1.420729235673746189e+03 6.957980277722455753e+00
2.006406640976539393e+03 4.767168935926642703e+00
3.068730294148829216e+03 3.068684990782594380e+00
4.269471607871219931e+03 2.169771192572897966e+00
6.222967015846155846e+03 2.309276850802052916e+00
nan nan
nan nan
nan nan
