4.749962496089509101e-06 1.000000000000000000e+03
3.006798703974117166e-05 1.000000000000000000e+03
4.524412231107931059e-05 1.000000000000000000e+03
7.223931514114494796e-05 1.000000000000000000e+03
1.143942382581602743e-04 1.000000000000000000e+03
1.782525387756921651e-04 9.999978260869563655e+02
2.712524854332006735e-04 9.999884510869563883e+02
4.045361855238856870e-04 9.998896761133603377e+02
6.001783286655951047e-04 9.998214285714286689e+02
8.935999525588279521e-04 9.997918660287081138e+02
1.262902582113169508e-03 9.996541226429213793e+02
1.864270940100283547e-03 9.991734132039734959e+02
2.697482974849848593e-03 9.980605967117455748e+02
3.882307968861203711e-03 9.954096566371661083e+02
5.610363275889521453e-03 9.901619241909199900e+02
8.080846077947791486e-03 9.796924483992546584e+02
1.159229809927201336e-02 9.619776043481537044e+02
1.676782422127671632e-02 9.321067939559052320e+02
2.399206408801175111e-02 8.886356305840012055e+02
3.450989608790067109e-02 8.290584951710563928e+02
4.936729226833230094e-02 7.574505035414879330e+02
7.095615219125697704e-02 6.797986555122841992e+02
1.018711230160184583e-01 6.034308279029079358e+02
1.465852044697498746e-01 5.328954422513321560e+02
2.109684082350298251e-01 4.701380428105670717e+02
3.026471695426253272e-01 4.165029403603410287e+02
4.398518463667390743e-01 3.708850322030594953e+02
6.334064768254059619e-01 3.311178844632298706e+02
9.170743932219046490e-01 2.939352343770416383e+02
1.325950294488208669e+00 2.601440389686022172e+02
1.918505468853975326e+00 2.286600742538226712e+02
2.737304862627513380e+00 2.011410552800332141e+02
3.959646396161082382e+00 1.760233487173704816e+02
5.708122760217923641e+00 1.545999305850324674e+02
8.256923215606143174e+00 1.369290737724626581e+02
1.199992802533392933e+01 1.217925744802504795e+02
1.712026146091404399e+01 1.083936154053941721e+02
2.502123709081800129e+01 9.619644838030960443e+01
3.603240599109419406e+01 8.613287828331026219e+01
5.205060041671309534e+01 7.717518243457388394e+01
7.492298790839132039e+01 6.910168322684873488e+01
1.082272106213283251e+02 6.250647950234851180e+01
1.553365621179559071e+02 5.712296047615306094e+01
2.295607585527034757e+02 5.225779477755579450e+01
3.245519991392515067e+02 4.839666662270151676e+01
4.603614691802189327e+02 4.479484113408493329e+01
6.747821289784940291e+02 4.208604077984230685e+01
9.529417600307067460e+02 4.032254401452341597e+01
1.421980771813945694e+03 3.914046781910653294e+01
2.043072936969789907e+03 3.848218220343326124e+01
2.971067195002807694e+03 3.811002978775034933e+01
4.276873150011600046e+03 3.797205937617437144e+01
6.169064450124098585e+03 3.795000000000000284e+01
8.895625693307152687e+03 3.795000000000000284e+01
1.291342541072569657e+04 3.795000000000000284e+01
2.004288355788806075e+04 3.776312663157163740e+01
2.876835251928466096e+04 3.499622434283139683e+01
3.906597632818837155e+04 2.858799482914782786e+01
5.690441404600208625e+04 2.028928935855038773e+01
8.181135703633184312e+04 1.415559209215614445e+01
1.144515781944908231e+05 1.004404806327427835e+01
1.650188463634822401e+05 6.849456316496748798e+00
2.302930566639997123e+05 4.684709887618427437e+00
3.380737211945584277e+05 2.936124873700166837e+00
4.366518033171097632e+05 2.261641765097578194e+00
6.649138857969052624e+05 1.999953743100749026e+00
7.627019767280807719e+05 1.999672590070442846e+00
nan nan
nan nan
nan nan
