5.335522979802927540e-06 1.000000000000000000e+03
2.651911662766023528e-05 1.000000000000000000e+03
4.350954072593640439e-05 9.999928571428570194e+02
6.720986985035815151e-05 9.999833333333333485e+02
1.070027183439531719e-04 9.999500000000000455e+02
1.604059255013135193e-04 9.999472222222223081e+02
2.310768847066986694e-04 9.999412500000000819e+02
3.401921745223616348e-04 9.998934523809523398e+02
4.873541146089147079e-04 9.998363636363635578e+02
6.971958272443490399e-04 9.997862658846530621e+02
9.838403951277446911e-04 9.997296044802566257e+02
1.362687893137354235e-03 9.995097980620734006e+02
1.947950434186134904e-03 9.989232120320824606e+02
2.681502857187731924e-03 9.978322524846828401e+02
3.770941384461085674e-03 9.957888332729228296e+02
5.383790675847722682e-03 9.910165790622016857e+02
7.297393862915886424e-03 9.835537387880347069e+02
1.036484610135167059e-02 9.701485257400815954e+02
1.435010368923474514e-02 9.489141213392271084e+02
1.997952473408550617e-02 9.161947041447969013e+02
2.787167397963780102e-02 8.685966695525976320e+02
3.851324398674978167e-02 8.078767497962838888e+02
5.355069641618924459e-02 7.395750593828345245e+02
7.433353062377387466e-02 6.695394806358042388e+02
1.037803717981401752e-01 6.016189826947053234e+02
1.438889631691551707e-01 5.396523614443965471e+02
2.010237279701528323e-01 4.833716250207850180e+02
2.808338258827767775e-01 4.326246591101267995e+02
3.896591270118659467e-01 3.873540351843753342e+02
5.461172075091167422e-01 3.475379394971251941e+02
7.628453731595454812e-01 3.119107536821728672e+02
1.068109780266936815e+00 2.802347474723433152e+02
1.492997991604808394e+00 2.510924214358581992e+02
2.060562556721142968e+00 2.249676546325279105e+02
2.901308708481574961e+00 2.020055050311670470e+02
4.044664507239677853e+00 1.821674999868936879e+02
5.657043003706395901e+00 1.645297416298202506e+02
7.758935599918101111e+00 1.498751278456851992e+02
1.107749813377158787e+01 1.366732825757297007e+02
1.528570383431784840e+01 1.265803367228498928e+02
2.137030685777160244e+01 1.179852352620561362e+02
2.956436280676662065e+01 1.107791752658949065e+02
4.100604040029056563e+01 1.048594833652878577e+02
5.710872044430972494e+01 1.005198929913951957e+02
8.047383630126525134e+01 9.744847397952696610e+01
1.105091519334451533e+02 9.560605639622284002e+01
1.548238361522550690e+02 9.442698437967557368e+01
2.215791493048756422e+02 9.373388989688449158e+01
3.098617428094966044e+02 9.355665502061275163e+01
4.338123371830095607e+02 9.346936542669584469e+01
6.557964683544146283e+02 9.344386872517222287e+01
9.518480146719266486e+02 9.192657589213074232e+01
1.201447557337761282e+03 8.397677970605238329e+01
1.639437302368463861e+03 6.708962429413961104e+01
2.305031593231141414e+03 4.872296321032282407e+01
3.205902136447580688e+03 3.503908831562385018e+01
4.403550891003263132e+03 2.466264246943443794e+01
6.129774941732061052e+03 1.663613596595379107e+01
8.534175953557547473e+03 1.113902438587820143e+01
1.157088841737402618e+04 7.806311251520577699e+00
1.574463590280917924e+04 5.469383018385611805e+00
2.304065633864273332e+04 3.507611848495941764e+00
3.334889866239221737e+04 2.365840621523138232e+00
4.015809850758448010e+04 2.043759306537824560e+00
4.802821245797450683e+04 1.825339416950712446e+00
nan nan
nan nan
nan nan
nan nan
nan nan
