4.418718938160821510e-06 1.000000000000000000e+03
2.365302894844398919e-05 1.000000000000000000e+03
4.259870862462917103e-05 1.000000000000000000e+03
6.170826232101741930e-05 1.000000000000000000e+03
8.866787742596501107e-05 1.000000000000000000e+03
1.267002482428692301e-04 1.000000000000000000e+03
1.778514430890523214e-04 1.000000000000000000e+03
2.437009382757720068e-04 1.000000000000000000e+03
3.295028091198538714e-04 1.000000000000000000e+03
4.430097258460377477e-04 9.999819799331104377e+02
5.872477220441543353e-04 9.998979367705175036e+02
7.773672859430891388e-04 9.997761993054531331e+02
1.005735827978774958e-03 9.995595928560984476e+02
1.388996762057100346e-03 9.992507172507142741e+02
1.751876734106123847e-03 9.989470963755866251e+02
2.349199552608907150e-03 9.982492838074107340e+02
3.089388169334937768e-03 9.968937962214238269e+02
3.942485476262939589e-03 9.948337818390288021e+02
5.286614541914145746e-03 9.913583882146074302e+02
6.841337395094469580e-03 9.857161530306350414e+02
8.877137706632997130e-03 9.767774170880927613e+02
1.163296319996938964e-02 9.630071155654701442e+02
1.519276543165568039e-02 9.432006968289500719e+02
1.975320653631438411e-02 9.155382042553134170e+02
2.577329104793323750e-02 8.797072567497436921e+02
3.361419609870153896e-02 8.361515792863507386e+02
4.388554084231430230e-02 7.864380401279998978e+02
5.699792273268886739e-02 7.327900946989983595e+02
7.447038112882134464e-02 6.774100514405586182e+02
9.645175326330840404e-02 6.250684305037632384e+02
1.256692850867599798e-01 5.775647017684016191e+02
1.647311806674893186e-01 5.367083100081001703e+02
2.141911104368929009e-01 5.023023209270510847e+02
2.797306179694042383e-01 4.738549812615831911e+02
3.666776680184727910e-01 4.503951273190517668e+02
4.759414750385956294e-01 4.320966682298106889e+02
6.243235092849823697e-01 4.175772139509123804e+02
8.051449929281352391e-01 4.071472566535118176e+02
1.048896736408216013e+00 3.997215492485808568e+02
1.372975479216490546e+00 3.950153945841747714e+02
1.863800041976076072e+00 3.918259923794240649e+02
2.551299993281637146e+00 3.880925439662332792e+02
3.212328512606725806e+00 3.821664034329015180e+02
4.063227972302479785e+00 3.727536940975439848e+02
5.519162700861008908e+00 3.488120526334369060e+02
6.930098952427393044e+00 3.046530642227666590e+02
8.936910004964992993e+00 2.452080351703301346e+02
1.168030077201893135e+01 1.886855338711078218e+02
1.525121024249397728e+01 1.417880961867912788e+02
1.968229844530226202e+01 1.071050408874781397e+02
2.585104590513087786e+01 7.808170818208294861e+01
3.372931901319032733e+01 5.614849232734214013e+01
4.389817500878127987e+01 4.111531459075008144e+01
5.571630541330661401e+01 3.116040381239572454e+01
7.063701203480860613e+01 2.387058447010901219e+01
9.482167210037734151e+01 1.730711407849815942e+01
1.263646152157571123e+02 1.275110684098847358e+01
1.672269010710124917e+02 9.552335317924823599e+00
2.217212739708607501e+02 7.102514097265870241e+00
2.881404041322146554e+02 5.368658618810520977e+00
3.802043227369862279e+02 4.081196700042103664e+00
4.947529394542766568e+02 3.157664670882465607e+00
6.464697177617470061e+02 2.361769156475808096e+00
8.176197489531534757e+02 1.984294330736243950e+00
9.227359103519283963e+02 1.905352226723496800e+00
nan nan
nan nan
nan nan
nan nan
nan nan
