#t	N(t)
0.0	2
0.16682742004262968	2
0.2183995055006916	2
0.2772349897678796	2
0.33558530719633556	2
0.39583330778267495	2
0.4573797673690524	2
0.5204942482837778	2
0.5851989996867881	2
0.6515958528674337	2
0.7197711799697528	2
0.7898246793275416	2
0.8618618066010053	2
0.9359970770417966	2
1.0123542809635422	2
1.091067782948803	2
1.1722836979975055	2
1.2561613299209886	2
1.3428747991638157	2
1.4326149352731337	2
1.525591470883419	2
1.6220356024148197	2
1.7222029814915696	2
1.8263772464045658	2
1.9348741971628616	2
2.048046758180877	2
2.1662909301029236	2
2.2900529471854525	2
2.4198379681402487	2
2.5562206948938297	2
2.699858463068373	2
2.851507494760261	2
3.012043323550797	2
3.1824866981312443	2
3.364036847104093	2
3.558114812464688	2
3.766420776211558	2
3.9910113830740874	2
4.231554296853973	2
4.490758784630171	2
4.7715440959149	2
5.077704673730346	2
5.413959848674177	2
5.786347253018665	2
6.202587064984529	2
6.672463843811453	2
7.207683252643932	2
7.819578752298507	2
8.51101073066714	2
9.220702525533097	2
9.906075974478016	2
10.595464665409448	2
11.281287025135102	2
11.967457929404542	2
12.652748508078773	2
13.337723607450013	2
14.022190313250944	2
14.706231607879808	2
15.389818176788292	2
16.072962586112126	2
16.755660528494836	2
17.437914424192666	2
18.119723853357506	2
18.80108936398065	2
19.482011201673842	2
20.16248994343727	2
20.842525706539345	2
21.522119128683272	2
22.201270402520265	2
22.879979895873312	2
23.5582479229459	2
24.236074996772466	2
24.913461294121547	2
25.59040731305412	2
26.2669133629776	2
26.942979810106095	2
27.618606944484142	2
28.29379528541764	2
28.968545034302522	2
29.6428565186569	2
30.31673024590448	2
30.990166469154378	2
31.66316545629719	2
32.335727682121835	2
33.007853462895355	2
33.679543263263334	2
34.35079725428514	2
35.02161581622947	2
35.69199944901545	2
36.36194831316789	2
37.03146289872965	2
37.700543446063804	2
38.36919036979971	2
39.03740398538147	2
39.70518467734491	2
40.37253274899713	2
41.03944868242072	2
41.70593261659509	2
42.37198496397856	2
43.03760610141519	2
43.702796323493104	2
44.36755608548217	2
45.03188559689208	2
45.69578535589844	2
46.359255586649354	2
47.022296639543065	2
47.68490883325849	2
48.34709250678191	2
49.00884809021688	2
49.67017575192751	2
50.33107610805099	2
50.99154933827348	2
51.651595696335306	2
52.311215535320784	2
52.97040924893385	2
53.62917733840706	2
54.28751981073851	2
54.94543727138179	2
55.60292987720154	2
56.25999810720403	2
56.91664217506395	2
57.572862481107705	2
58.22865929468681	2
58.8840329427417	2
59.53898395093419	2
60.19351239405719	2
60.847618807266265	2
61.50130329692446	2
62.15456637021898	2
62.807408343954286	2
63.459829515249034	2
64.11183019117286	2
64.76341069862094	2
65.41457136477597	2
66.06531259895802	2
66.7156346505009	2
67.36553784516181	2
68.0150225211955	2
68.664088934743	2
69.31273758920115	2
69.96096854897927	2
70.60878245322768	2
71.25617941157618	2
71.90315972463753	2
72.54972390642844	2
73.19587205310017	2
73.84160462486281	2
74.48692189148932	2
75.13182406497685	2
75.7763116755083	2
76.4203849995299	2
77.06404439153971	2
77.70728994265808	2
78.35012210683522	2
78.99254129390916	2
79.63454769257089	2
80.27614174717448	2
80.91732358497174	2
81.55809363196933	2
82.1984522499361	2
82.83839953582645	2
83.4779361090304	2
84.1170621676946	2
84.75577786580513	2
85.39408371950658	2
86.03197996530103	2
86.66946695715754	2
87.30654493434199	2
87.94321419315592	2
88.57947520903183	2
89.21532809750597	2
89.85077321535442	2
90.48581095517945	2
91.12044156752354	2
91.7546653531885	2
92.38848273156658	2
93.02189380683615	2
93.65489901441249	2
94.28749861146149	2
94.91969294964922	2
95.5514823246189	2
96.18286692136759	2
96.81384720509031	2
97.44442341062506	2
98.07459595588968	2
98.7043649428675	2
99.3337308786376	2
99.96269385560413	2
100.59125432430696	2
101.21941254029505	2
101.84716885935579	2
102.47452345900182	2
103.10147670468159	2
103.72802902324119	2
104.35418045655867	2
104.97993154202871	2
105.60528235456775	2
106.23023340345863	2
106.85478484645945	2
107.4789371158422	2
108.10269035306217	2
108.7260449089423	2
109.3490010713881	2
109.97155922286917	2
110.59371962161919	2
111.21548248938413	2
111.83684817490432	2
112.45781699884502	2
113.07838912300356	2
113.69856504751459	2
114.31834487752043	2
114.93772896190148	2
115.5567176402337	2
116.1753111455979	2
116.79350978008114	2
117.41131390295338	2
118.02872377723533	2
118.64573963550924	2
119.26236181075828	2
119.87859054985256	2
120.49442613995444	2
121.10986893456852	2
121.72491924125465	2
122.33957722400912	2
122.95384327742705	2
123.56771774390604	2
124.18120062612525	2
124.7942924876795	2
125.40699345209512	2
126.019303952382	2
126.63122417411707	2
127.24275438810814	2
127.85389492940033	2
128.46464608030402	2
129.07500807449014	2
129.68498128135536	2
130.29456580897977	2
130.90376212882828	2
131.51257042286872	2
132.1209909102358	2
132.72902406875096	2
133.3366699455541	2
133.94392899767465	2
134.55080148593046	2
135.15728759888506	2
135.7633877271714	2
136.3691020074287	2
136.974430822202	2
137.57937437743925	2
138.18393301085544	2
138.78810692231147	2
139.39189650684858	2
139.99530196325574	2
140.59832362894167	2
141.20096162024663	2
141.8032164506148	2
142.40508813508484	2
143.00657720734048	2
143.60768369613223	2
144.2084080000466	2
144.80875038121908	2
145.40871105400268	2
146.00829036517314	2
146.60748858362237	2
147.20630594222706	2
147.80474274030988	2
148.4027993098308	2
149.00047575288454	2
149.59777239725705	2
150.1946895210679	2
150.79122748944798	2
151.38738642104659	2
151.98316672852513	2
152.57856852826413	2
153.1735922273446	2
153.76823792182137	2
154.36250605609501	2
154.9563968486609	2
155.54991048959326	2
156.14304728806198	2
156.73580763804696	2
157.32819158049944	2
157.92019948989554	2
158.5118315629087	2
159.10308811461204	2
159.6939694544249	2
160.28447584472957	2
160.8746073718318	2
161.4643644976482	2
162.0537474323292	2
162.64275641726732	2
163.23139167386745	2
163.8196534591694	2
164.4075422085061	2
164.99505789224125	2
165.5822009662913	2
166.16897167633945	2
166.7553701812728	2
167.34139689725103	2
167.92705190916178	2
168.51233560169868	2
169.0972481243302	2
169.68178984278563	2
170.26596092948728	2
170.84976163759924	2
171.43319227590922	2
172.01625305581786	2
172.59894433025838	2
173.18126620222986	2
173.76321907153695	2
174.34480303165776	2
174.92601845084238	2
175.50686558761217	2
176.0873446848047	2
176.6674558831962	2
177.24719960629847	2
177.82657598775097	2
178.4055852901063	2
178.9842277836413	2
179.56250374389458	2
180.1404133626763	2
180.71795698300062	2
181.2951347117329	2
181.8719469392171	2
182.4483938061683	2
183.02447566689008	2
183.6001926244243	2
184.17554507178215	2
184.75053312216852	2
185.32515708702925	2
185.89941729582094	2
186.4733138626373	2
187.04684708602227	2
187.62001717750312	2
188.19282447761142	2
188.76526909812046	2
189.3373513867722	2
189.90907159249028	2
190.48042990650856	2
191.05142658451777	2
191.62206187154905	2
192.19233595755662	2
192.76224918818735	2
193.33180177849172	2
193.9009938582878	2
194.4698257453106	2
195.03829777914729	2
195.60641002415753	2
196.17416288080307	2
196.74155644909393	2
197.3085910289785	2
197.87526691256343	2
198.44158421252035	2
199.00754330075992	2
199.57314427561303	2
200.1383875630325	2
200.70327322601432	2
201.26780158908164	2
201.83197282031537	2
202.39578726544266	2
202.95924508424295	2
203.52234651592357	2
204.08509181071224	2
204.6474812010631	2
205.2095148788884	2
205.7711931422594	2
206.33251620685135	2
206.89348423550942	2
207.45409758406888	2
208.01435642933723	2
208.5742609996085	2
209.13381154729564	2
209.69300824226482	2
210.2518513663782	2
210.8103411424448	2
211.36847781929592	2
211.92626160572289	2
212.4836927011863	2
213.040771436216	2
213.59749790558752	2
214.15387245568837	2
214.7098952806203	2
215.2655665010956	2
215.82088656494318	2
216.37585546041078	2
216.9304736031751	2
217.48474112738432	2
218.0386582883606	2
218.59222523620417	2
219.14544235929606	2
219.69830977179956	2
220.25082767676537	2
220.80299638220419	2
221.35481605040343	2
221.90628694406647	2
222.45740926384764	2
223.00818324618797	2
223.55860917975411	2
224.10868713247254	2
224.65841743471591	2
225.20780029485232	2
225.7568359198316	2
226.3055245485389	2
226.85386635452244	2
227.4018616110055	2
227.94951058544137	2
228.49681332699112	2
229.04377025573785	2
229.59038151765336	2
230.13664735350633	2
230.682567963448	2
231.2281434878361	2
231.77337422279658	2
232.31826036034948	2
232.86280214471017	2
233.40699978239996	2
233.95085354910216	2
234.49436358421858	2
235.03753009942994	2
235.58035338734877	2
236.12283362532102	2
236.664971012217	2
237.20676576848837	2
237.7482181546605	2
238.28932830739555	2
238.83009648061176	2
239.3705229644585	2
239.91060788113825	2
240.45035147344512	2
240.98975392294295	2
241.52881546454782	2
242.0675362866612	2
242.60591666720183	2
243.14395682100496	2
243.68165690560394	2
244.21901710734724	2
244.75603772610933	2
245.29271891879452	2
245.82906089419203	2
246.36506392662184	2
246.9007281621552	2
247.4360538157385	2
247.97104112546722	2
248.50569025487087	2
249.04000145512555	2
249.57397494004204	2
250.10761089696257	2
250.64090952632972	2
251.17387110073162	2
251.70649572471345	2
252.23878370403116	2
252.77073515325597	2
253.3023503807218	2
253.8336295151982	2
254.36457284388402	2
254.89518050540082	2
255.4254527390562	2
255.95538968270014	2
256.48499163841376	2
257.01425873741863	2
257.5431912475633	2
258.0717893258555	2
258.6000531808644	2
259.1279830288628	2
259.6555790286381	2
260.18284150401774	2
260.70977053072863	2
261.23636639087874	2
261.7626292484429	2
262.28855935680474	2
262.8141568535295	2
263.3394219608199	2
263.8643548832559	2
264.3889558944719	2
264.91322509993125	2
265.43716271133354	2
265.96076892001383	2
266.48404401090124	2
267.0069881034188	2
267.5296014064554	2
268.05188414577106	2
268.5738365250232	2
269.0954587071755	2
269.61675093586325	2
270.1377133549129	2
270.6583461986252	2
271.1786496937769	2
271.6986239615033	2
272.2182692927826	2
272.73758576992225	2
273.2565736963119	2
273.7752331896188	2
274.2935645090024	2
274.8115677942834	2
275.329243288635	2
275.8465911774172	2
276.36361164036157	2
276.8803048907617	2
277.3966711248523	2
277.9127105267429	2
278.42842328699044	2
278.9438095970605	2
279.45886965887615	2
279.9736036767309	2
280.48801181531104	2
281.00209426520223	2
281.5158512699752	2
282.02928295716225	2
282.54238961590755	2
283.0551712932268	2
283.5676283020676	2
284.07976082156165	2
284.5915689937996	2
285.10305302177545	2
285.6142130958773	2
286.12504944701897	2
286.63556221789514	2
287.14575160910954	2
287.6556178409993	2
288.1651610494388	2
288.6743814940557	2
289.1832792558367	2
289.6918546097806	2
290.20010778925825	2
290.70803884886453	2
291.21564808876315	2
291.7229356194138	2
292.22990169813596	2
292.73654646327617	2
293.24287016229744	2
293.74887286860314	2
294.25455483033767	2
294.7599162831448	2
295.2649573268384	2
295.7696782145843	2
296.2740790968533	2
296.7781601144804	2
297.28192153585303	2
297.78536352745147	2
298.2884862548152	2
298.791289928594	2
299.2937747074761	2
299.7959407541398	2
300.29778828022194	2
300.7993174826946	2
301.3005285148837	2
301.8014215933946	2
302.30199687563015	2
302.80225453142145	2
303.3021948029459	2
303.80181780169744	2
304.30112375484606	2
304.8001128010703	2
305.2987851645244	2
305.7971409891518	2
306.29518042790704	2
306.7929037928661	2
307.2903111211577	2
307.7874026844818	2
308.2841786113887	2
308.7806390755994	2
309.27678429900845	2
309.7726144161998	2
310.2681296293422	2
310.76333016715404	2
311.25821607030133	2
311.752787702243	2
312.2470450933023	2
312.7409885089873	2
313.2346180345338	2
313.72793391459174	2
314.2209363420478	2
314.71362542115554	2
315.20600139373545	2
315.6980644179616	2
316.1898146812911	2
316.681252327183	2
317.17237750297113	2
317.66319047382297	2
318.1536913028334	2
318.6438802975414	2
319.1337575168567	2
319.62332320169514	2
320.1125774879285	2
320.60152061876	2
321.09015269391864	2
321.5784739250253	2
322.066484461963	2
322.5541844635234	2
323.04157411967736	2
323.52865360994775	2
324.015423095513	2
324.50188277342687	2
324.98803277811544	2
325.473873338344	2
325.9594045679495	2
326.44462668942333	2
326.9295398096371	2
327.414144135255	2
327.89843984550674	2
328.38242707021885	2
328.86610603289637	2
329.34947686623894	2
329.8325397540008	2
330.31529489545113	2
330.79774237894526	2
331.2798824217114	2
331.76171520427926	2
332.24324087508734	2
332.72445963340306	2
333.2053716331796	2
333.6859769931723	2
334.16627597589627	2
334.64626864903676	2
335.1259552529108	2
335.60533593315176	2
336.0844108153261	2
336.56318011886805	2
337.04164399117553	2
337.51980257818474	2
337.99765608900896	2
338.47520467347636	2
338.9524484792135	2
339.4293876676682	2
339.906022444419	2
340.38235293452175	2
340.85837929266046	2
341.3341017344365	2
341.8095203943283	2
342.28463540748965	2
342.75944697265135	2
343.23395528298505	2
343.7081604333975	2
344.1820626381286	2
344.6556620270456	2
345.12895881568124	2
345.6019531180026	2
346.07464507946264	2
346.547034902809	2
347.01912276088416	2
347.4909087786702	2
347.9623931270559	2
348.43357598228556	2
348.9044574838879	2
349.3750377843141	2
349.8453170966732	2
350.31529551965065	2
350.7849732379201	2
351.25435043633723	2
351.72342720783575	2
352.1922037841114	2
352.66068031987805	2
353.12885690709925	2
353.5967337689579	2
354.06431104777215	2
354.531588879671	2
354.99856745209735	2
355.46524694295675	2
355.93162744689266	2
356.3977091689006	2
356.8634922250103	2
357.32897686683583	2
357.7941630774384	2
358.2590511912945	2
358.7236412973896	2
359.1879335377305	2
359.65192809750624	2
360.1156251145515	2
360.5790247326957	2
361.0421271149145	2
361.50493241553283	2
361.96744083704095	2
362.42965248150614	2
362.89156749296575	2
363.35318605394315	2
363.8145083030854	2
364.27553446255723	2
364.7362645913057	2
365.19669889559026	2
365.6568375089926	2
366.11668062922166	2
366.5762283248932	2
367.0354808089837	2
367.4944382270238	2
367.95310071335643	2
368.4114684657245	2
368.8695415676781	2
369.32732023710963	2
369.7848045717939	2
370.24199477468284	2
370.698890972519	2
371.1554933014514	2
371.61180194635546	2
372.0678170106767	2
372.5235387164436	2
372.9789671376664	2
373.4341024922076	2
373.88894487658314	2
374.3434944854649	2
374.7977514336991	2
375.25171588572397	2
375.7053879690756	2
376.15876787569243	2
376.6118557321797	2
377.0646516924278	2
377.5171558758703	2
377.9693684703853	2
378.4212896140096	2
378.8729194436387	2
379.3242581096291	2
379.77530576349676	2
380.22606259236835	2
380.67652866468666	2
381.126704172639	2
381.5765892699092	2
382.026184059874	2
382.47548876166417	2
382.92450343492555	2
383.3732283222046	2
383.82166348782926	2
384.2698091268002	2
384.71766539278303	2
385.16523235192415	2
385.6125102389374	2
386.0594991846729	2
386.50619930455315	2
386.9526107392646	2
387.3987336764766	2
387.84456821647353	2
388.2901144971309	2
388.7353727327137	2
389.1803429738074	2
389.6250254268894	2
390.0694202418777	2
390.51352755907874	2
390.95734746692125	2
391.4008801567057	2
391.8441257606542	2
392.28708443155244	2
392.7297562600665	2
393.1721415048133	2
393.6142401782199	2
394.0560524826267	2
394.4975785864271	2
394.93881857188404	2
395.3797726156868	2
395.8204408654143	2
396.26082343330444	2
396.7009204998477	2
397.14073216554823	2
397.58025858650984	2
398.01949991881787	2
398.4584562885142	2
398.8971278336105	2
399.33551469249625	2
399.7736170097592	2
400.2114349145662	2
400.6489685706873	2
401.08621809704124	2
401.5231836554973	2
401.9598653903054	2
402.39626340193314	2
402.83237784210684	2
403.2682088587702	2
403.70375657271853	2
404.139021171335	2
404.57400274903347	2
405.008701434987	2
405.4431173616677	2
405.87725072874434	2
406.3111016277594	2
406.744670191897	2
407.1779565591411	2
407.6109609002298	2
408.04368331836406	2
408.4761239418174	2
408.9082829219566	2
409.34016041801067	2
409.7717565333842	2
410.20307143105555	2
410.6341052046125	2
411.0648580679489	2
411.49533005820206	2
411.9255213657834	2
412.3554321164019	2
412.78506246793404	2
413.21441253612517	2
413.6434824619707	2
414.0722723362951	2
414.5007823421955	2
414.929012587834	2
415.3569632109355	2
415.7846343439952	2
416.21202615514864	2
416.6391387658029	2
417.0659722668073	2
417.4925268525062	2
417.9188026258099	2
418.34479967895794	2
418.77051821668823	2
419.1959583363795	2
419.62112017193976	2
420.0460038315174	2
420.47060949440623	2
420.8949372545512	2
421.3189872985562	2
421.7427597066013	2
422.1662545878705	2
422.5894721340548	2
423.01241243262416	2
423.4350756703832	2
423.8574619175739	2
424.2795713079781	2
424.70140401124456	2
425.12296011246576	2
425.5442398071175	2
425.9652431490202	2
426.3859703481474	2
426.8064214653949	2
427.2265966420219	2
427.6464960320502	2
428.0661197480696	2
428.48546794484594	2
428.9045407167284	2
429.32333821212933	2
429.7418605539274	2
430.1601078854612	2
430.57808031282474	2
430.99577796886024	2
431.41320099451224	2
431.8303495096293	2
432.2472236520539	2
432.663823510801	2
433.0801492432213	2
433.4962009678492	2
433.91197883238925	2
434.32748293830974	2
434.7427134248841	2
435.15767041613105	2
435.57235406288754	2
435.9867644482692	2
436.40090174539165	2
436.81476602989494	2
437.22835745312807	2
437.64167612993356	2
438.0547222182645	2
438.4674958085206	2
438.8799970527297	2
439.2922260634927	2
439.704182964373	2
440.11586788002916	2
440.52728093349964	2
440.93842224688467	2
441.34929198041283	2
441.7598901903979	2
442.1702170502746	2
442.58027269066696	2
442.99005718312407	2
443.39957070786954	2
443.8088133418528	2
444.21778526076986	2
444.626486552091	2
445.0349173320428	2
445.4430777540248	2
445.85096793586547	2
446.25858799031585	2
446.6659380216641	2
447.07301822387944	2
447.47982865015103	2
447.886369409621	2
448.2926406707096	2
448.69864254105664	2
449.10437513342356	2
449.50983857319767	2
449.9150329996108	2
450.31995851848643	2
450.72461525343107	2
451.12900332787535	2
451.5331228416386	2
451.93697395747654	2
452.3405567441053	2
452.74387135907926	2
453.146917907565	2
453.54969652886007	2
453.9522073446831	2
454.35445044786746	2
454.7564259449625	2
455.1581340041542	2
455.55957472724435	2
455.960748251028	2
456.3616546533759	2
456.7622940485565	2
457.1626666077591	2
457.5627724233504	2
457.9626116291	2
458.3621842842504	2
458.76149057846516	2
459.1605306002332	2
459.5593044574912	2
459.95781232999065	2
460.3560542441463	2
460.75403036175436	2
461.1517408075312	2
461.5491856804299	2
461.9463651327499	2
462.34327925772664	2
462.7399281629453	2
463.1363119732426	2
463.5324308194397	2
463.9282848122304	2
464.3238740553147	2
464.719198664149	2
465.1142587707164	2
465.5090544911528	2
465.9035859062019	2
466.29785318757035	2
466.691856448091	2
467.08559573247135	2
467.4790712231239	2
467.87228303226215	2
468.2652312566088	2
468.6579160224158	2
469.0503373974694	2
469.4424955694243	2
469.83439061155667	2
470.2260226621387	2
470.617391799537	2
471.0084981624646	2
471.39934187988973	2
471.7899230352161	2
472.1802417416273	2
472.57029813437316	2
472.9600923367835	2
473.3496244389143	2
473.7388945700911	2
474.1279028211491	2
474.51664934436224	2
474.90513418829454	2
475.29335753976864	2
475.6813194555928	2
476.06902007576116	2
476.45645951970977	2
476.8436378912772	2
477.2305552918982	2
477.61721183797476	2
478.003607641453	2
478.3897428363639	2
478.7756175296372	2
479.16123180328003	2
479.5465858045853	2
479.931679615416	2
480.3165133479115	2
480.7010871490402	2
481.0854010872917	2
481.4694553061779	2
481.85324988784345	2
482.2367849653071	2
482.6200606449469	2
483.0030770293751	2
483.3858342526942	2
483.76833240476736	2
484.1505715819696	2
484.5325519097539	2
484.91427352126243	2
485.2957364905495	2
485.6769409330627	2
486.05788698810943	2
486.43857471570504	2
486.81900428264134	2
487.1991757716925	2
487.5790892696152	2
487.9587449270462	2
488.3381428312074	2
488.7172830687949	2
489.09616577710375	2
489.4747910823502	2
489.8531590651726	2
490.2312698247429	2
490.60912351553395	2
490.98672018992585	2
491.36405998721773	2
491.74114298859723	2
492.1179693524458	2
492.49453915560736	2
492.8708524973715	2
493.2469094866303	2
493.6227102452582	2
493.9982548645219	2
494.37354345804346	2
494.74857615188864	2
495.1233530303751	2
495.4978742021113	2
495.87213977892134	2
496.2461498690173	2
496.61990455833853	2
496.99340399147655	2
497.36664825095505	2
497.7396374362706	2
498.1123716721771	2
498.4848510580519	2
498.8570756937669	2
499.22904569370957	2
499.60076116993565	2
499.9722221996546	2
500.34342890607445	2
500.71438139553925	2
501.0850797774294	2
501.4555241562555	2
501.8257146126829	2
502.1956512929105	2
502.5653342575552	2
502.9347636335937	2
503.303939544596	2
503.67286206065313	2
504.04153130944024	2
504.4099473781581	2
504.77811038406134	2
505.1460204213624	2
505.51367759302815	2
505.88108201718876	2
506.2482337770661	2
506.61513300318626	2
506.98177978374997	2
507.3481742230535	2
507.71431640037645	2
508.08020646415156	2
508.44584448908205	2
508.81123058698745	2
509.17636486142186	2
509.5412474081852	2
509.9058783259729	2
510.27025772135937	2
510.634385706526	2
510.99826236581544	2
511.36188779914033	2
511.72526213167123	2
512.0883854629025	2
512.4512578886242	2
512.8138795031368	2
513.1762504042183	2
513.5383707311951	2
513.9002405170475	2
514.2618599201826	2
514.6232290336734	2
514.9843479540611	2
515.3452167740239	2
515.7058355784133	2
516.0662044909308	2
516.4263236197203	2
516.7861930500349	2
517.1458128901916	2
517.5051832222799	2
517.8643041809444	2
518.2231758381758	2
518.5817983030657	2
518.9401716725015	2
519.2982960503064	2
519.6561715202764	2
520.0137982255753	2
520.3711762146762	2
520.7283056305376	2
521.0851865283964	2
521.4418190424025	2
521.7982032655199	2
522.154339294904	2
522.510227192927	2
522.8658671221771	2
523.2212591410814	2
523.5764033674781	2
523.9312998707684	2
524.2859487790379	2
524.6403501784787	2
524.9945041586265	2
525.3484108373193	2
525.7020702995351	2
526.0554826593975	2
526.4086479974962	2
526.7615664222269	2
527.1142380033886	2
527.4666628763914	2
527.818841111532	2
528.1707728181656	2
528.5224580981617	2
528.8738970408941	2
529.2250897524651	2
529.5760363217546	2
529.9267368549628	2
530.2771914338367	2
530.627400161402	2
530.9773631246338	2
531.3270804403898	2
531.676552188055	2
532.0257784885599	2
532.3747593939937	2
532.7234950433528	2
533.0719855235764	2
533.4202309197258	2
533.7682313230545	2
534.1159868403024	2
534.4634975644117	2
534.8107635964896	2
535.1577850078655	2
535.5045619208188	2
535.8510944413742	2
536.1973826196183	2
536.5434266006458	2
536.8892264429102	2
537.2347822489719	2
537.5800941250096	2
537.9251621777532	2
538.2699864667883	2
538.6145671225452	2
538.9589042019775	2
539.3029978246385	2
539.6468480717548	2
539.9904550513774	2
540.3338188379416	2
540.6769395413417	2
541.019817260535	2
541.3624520883374	2
541.7048440850995	2
542.0469933779215	2
542.3889000549676	2
542.7305642219117	2
543.071985949425	2
543.4131653365934	2
543.7541024901554	2
544.0947974713584	2
544.4352504077614	2
544.7754613551741	2
545.1154304464549	2
545.4551577583378	2
545.7946433763788	2
546.1338874091499	2
546.4728899344084	2
546.811651055249	2
547.1501708419502	2
547.488449413032	2
547.8264868464483	2
548.1642832430878	2
548.5018386809243	2
548.8391532646549	2
549.1762270909444	2
549.5130602373474	2
549.8496528117255	2
550.1860048786205	2
550.5221165538421	2
550.8579879105482	2
551.1936190614243	2
551.5290100711144	2
551.864161060216	2
552.1990721077177	2
552.5337432868596	2
552.8681747055155	2
553.2023664655162	2
553.5363186404842	2
553.8700313207636	2
554.203504605096	2
554.5367385754755	2
554.8697333178416	2
555.2024889380024	2
555.5350055276423	2
555.8672831699741	2
556.1993219511165	2
556.5311219604271	2
556.862683291586	2
557.1940060254549	2
557.5250902727682	2
557.8559360995323	2
558.1865436115233	2
558.5169128863655	2
558.8470440218897	2
559.1769371194961	2
559.506592245442	2
559.8360094909557	2
560.1651889610455	2
560.4941307145001	2
560.8228348684187	2
561.1513015071168	2
561.4795307225812	2
561.8075225944168	2
562.135277211114	2
562.4627946758578	2
562.7900750551202	2
563.1171184371668	2
563.4439249173209	2
563.770494589501	2
564.0968275408146	2
564.4229238470109	2
564.7487836225479	2
565.0744069249442	2
565.399793850713	2
565.7249445079582	2
566.0498589591916	2
566.3745373031489	2
566.6989796262043	2
567.0231860085498	2
567.3471565498694	2
567.67089133401	2
567.9943904309933	2
568.3176539500872	2
568.640681969434	2
568.9634745630339	2
569.2860318504161	2
569.6083538935758	2
569.9304407673596	2
570.2522925888273	2
570.573909421842	2
570.8952913592701	2
571.2164385043768	2
571.5373509176884	2
571.8580287000387	2
572.178471932294	2
572.4986806971085	2
572.8186550974056	2
573.1383952034372	2
573.457901098352	2
573.7771728850608	2
574.0962106235928	2
574.4150144005577	2
574.7335843306095	2
575.0519204795244	2
575.3700229275663	2
575.6878917818177	2
576.0055271078035	2
576.3229290130589	2
576.6400975528438	2
576.9570328279144	2
577.2737349284249	2
577.5902039261052	2
577.9064399239119	2
578.2224429757873	2
578.5382132006791	2
578.8537506575428	2
579.1690554442896	2
579.4841276364151	2
579.7989673220161	2
580.1135745858132	2
580.4279495226936	2
580.7420922016756	2
581.0560027075244	2
581.3696811219694	2
581.6831275508274	2
581.9963420476514	2
582.3093247111219	2
582.6220756359611	2
582.9345948909644	2
583.2468825662205	2
583.5589387353235	2
583.8707634859585	2
584.182356913731	2
584.4937190722871	2
584.8048500730456	2
585.1157499889183	2
585.4264188975804	2
585.7368569058154	2
586.0470640586774	2
586.3570404747902	2
586.6667862097746	2
586.9763013706328	2
587.2855860153375	2
587.5946402414182	2
587.9034641394146	2
588.2120577716382	2
588.5204212345888	2
588.8285545864768	2
589.1364579309152	2
589.4441313487931	2
589.7515749251593	2
590.058788725863	2
590.3657728573563	2
590.6725273819504	2
590.9790523936688	2
591.285347962043	2
591.5914141926974	2
591.8972511368254	2
592.2028588872078	2
592.5082375327748	2
592.8133871330725	2
593.1183077878974	2
593.4229995895807	2
593.727462594952	2
594.0316968931442	2
594.3357025663664	2
594.6394797052844	2
594.9430283762374	2
595.2463486658816	2
595.5494406470478	2
595.8523044144919	2
596.1549400416365	2
596.4573476127719	2
596.7595272003085	2
597.0614788835616	2
597.3632027529864	2
597.6646988856508	2
597.9659673604448	2
598.2670082583234	2
598.5678216703228	2
598.8684076629577	2
599.1687663131815	2
599.4688977006916	2
599.7688019116567	2
600.068479041074	2
600.3679291377346	2
600.6671523014782	2
600.9661486093652	2
601.2649181379572	2
601.5634609557874	2
601.8617771641766	2
602.1598668165944	2
602.4577300263959	2
602.7553668440822	2
603.0527773589482	2
603.3499616491165	2
603.6469197930379	2
603.9436518618219	2
604.2401579481098	2
604.5364381229946	2
604.8324924676376	2
605.1283210592258	2
605.4239239927464	2
605.719301326523	2
606.0144531444148	2
606.3093795172333	2
606.6040805340672	2
606.8985562778485	2
607.1928068141611	2
607.4868322250204	2
607.7806325940595	2
608.0742079834009	2
608.3675584995383	2
608.6606841944766	2
608.9535851565256	2
609.2462614681797	2
609.5387131915921	2
609.8309404278824	2
610.1229432193633	2
610.4147216793552	2
610.706275869039	2
610.9976058692469	2
611.2887117612794	2
611.5795936091441	2
611.8702515081204	2
612.1606855037129	2
612.4508957134509	2
612.7408821975903	2
613.0306450158873	2
613.3201842732419	2
613.6095000368352	2
613.8985923871752	2
614.1874613791822	2
614.4761071160914	2
614.764529658343	2
615.0527290947831	2
615.3407054947197	2
615.6284589346483	2
615.9159894940256	2
616.2032972467412	2
616.4903822644162	2
616.7772446327729	2
617.0638844307254	2
617.3503017158924	2
617.6364965714862	2
617.9224690967226	2
618.2082193353374	2
618.4937473891473	2
618.779053318699	2
619.0641372004877	2
619.3489991137095	2
619.6336391413666	2
619.918057342905	2
620.2022537984128	2
620.4862285944932	2
620.7699818035595	2
621.0535134977459	2
621.3368237497256	2
621.6199126330878	2
621.9027802300237	2
622.1854266070009	2
622.4678518581674	2
622.7500560431456	2
623.0320392277858	2
623.3138015099944	2
623.595342947659	2
623.8766636140668	2
624.1577636061626	2
624.4386429832826	2
624.7193018215395	2
624.9997401984378	2
625.2799581756466	2
625.5599558384848	2
625.8397332677632	2
626.1192905192186	2
626.3986276872956	2
626.6777448295622	2
626.9566420356821	2
627.235319379973	2
627.5137769272751	2
627.7920147510853	2
628.0700329179016	2
628.3478315279159	2
628.6254106282585	2
628.9027703100835	2
629.1799106326465	2
629.4568316900339	2
629.7335335360737	2
630.010016252124	2
630.2862799215592	2
630.5623245944936	2
630.8381503800657	2
631.1137573156134	2
631.3891454964996	2
631.6643149875686	2
631.9392658695812	2
632.2139982050253	2
632.4885120792391	2
632.7628075693307	2
633.0368847155934	2
633.3107436290999	2
633.5843843678585	2
633.8578070039783	2
634.1310116116701	2
634.4039982694603	2
634.6767670369816	2
634.9493179967858	2
635.221651212412	2
635.4937667839159	2
635.7656647394797	2
636.0373451980065	2
636.3088081820863	2
636.5800538088079	2
636.8510821397599	2
637.1218932333999	2
637.3924871727833	2
637.662864033446	2
637.9330238761698	2
638.202966784019	2
638.4726928250873	2
638.7422020623126	2
639.0114945872057	2
639.2805704590654	2
639.5494297538245	2
639.8180725354273	2
640.086498884166	2
640.354708886798	2
640.6227025772633	2
640.8904800558627	2
641.1580413907355	2
641.425386641744	2
641.6925158909423	2
641.9594292035141	2
642.2261266502859	2
642.4926083146497	2
642.7588742580394	2
643.0249245564838	2
643.2907592797063	2
643.5563784982003	2
643.8217822921886	2
644.086970711106	2
644.3519438444313	2
644.6167017608857	2
644.8812445216546	2
645.1455722181	2
645.4096849031455	2
645.6735826447035	2
645.9372655304585	2
646.2007336200666	2
646.4639869876326	2
646.7270257122124	2
646.9898498567745	2
647.2524594820131	2
647.5148546740702	2
647.7770354946828	2
648.0390020192608	2
648.3007543093581	2
648.5622924506531	2
648.8236164982868	2
649.084726528948	2
649.3456226188603	2
649.6063048234964	2
649.8667732272779	2
650.1270279035878	2
650.3870689097212	2
650.6468963147287	2
650.9065101980415	2
651.1659106357123	2
651.4250976780141	2
651.684071403084	2
651.9428318830284	2
652.2013791895596	2
652.4597133807001	2
652.7178345433159	2
652.9757427401083	2
653.2334380398557	2
653.4909205200444	2
653.7481902317227	2
654.0052472678858	2
654.2620916791274	2
654.5187235399031	2
654.7751429305296	2
655.0313499027204	2
655.2873445353108	2
655.54312689641	2
655.7986970563019	2
656.0540550905927	2
656.3092010598905	2
656.5641350285143	2
656.8188570826263	2
657.073367272889	2
657.3276656843449	2
657.5817523705749	2
657.8356274072194	2
658.0892908644356	2
658.3427428083776	2
658.5959833159637	2
658.849012440695	2
659.1018302621011	2
659.3544368511746	2
659.6068322745307	2
659.8590165940844	2
660.1109898907214	2
660.3627522226144	2
660.6143036645544	2
660.8656442809884	2
661.1167741455192	2
661.3676933162352	2
661.6184018703431	2
661.8688998771845	2
662.1191874018183	2
662.3692645085614	2
662.6191312629978	2
662.8687877414317	2
663.1182340082557	2
663.3674701365417	2
663.6164961928871	2
663.8653122429698	2
664.1139183454609	2
664.362314598199	2
664.6105010387846	2
664.8584777464748	2
665.1062447824419	2
665.3538022362108	2
665.6011501451612	2
665.8482885937104	2
666.0952176493835	2
666.3419373739429	2
666.5884478398252	2
666.8347491238686	2
667.0808412835885	2
667.326724371872	2
667.5723984827647	2
667.8178636623691	2
668.0631199883765	2
668.3081675232722	2
668.5530063403955	2
668.7976364988237	2
669.0420580794222	2
669.286271139751	2
669.5302757571412	2
669.7740719858688	2
670.0176598980003	2
670.2610395540985	2
670.5042110393041	2
670.7471743956806	2
670.9899297111389	2
671.2324770439607	2
671.4748164572733	2
671.7169480357053	2
671.9588718155172	2
672.2005878913748	2
672.4420963164191	2
672.6833971604527	2
672.9244904961594	2
673.1653763869209	2
673.4060548878653	2
673.6465260815113	2
673.8867900231221	2
674.1268467873238	2
674.3666964304911	2
674.6063390261311	2
674.8457746439508	2
675.0850033517914	2
675.324025196495	2
675.5628402700235	2
675.8014486155878	2
676.0398503227018	2
676.278045445973	2
676.5160340506121	2
676.7538162060333	2
676.9913919698731	2
677.2287614160534	2
677.4659246085339	2
677.7028816070292	2
677.9396324990423	2
678.1761773277291	2
678.4125161729805	2
678.6486490861867	2
678.8845761429795	2
679.1202974206591	2
679.355812956108	2
679.591122844986	2
679.8262271297339	2
680.0611258935382	2
680.2958191955033	2
680.5303070980782	2
680.7645896674559	2
680.9986669711991	2
681.2325390707501	2
681.4662060470647	2
681.69966795047	2
681.9329248511382	2
682.1659768185813	2
682.3988239045195	2
682.6314661821392	2
682.8639037290326	2
683.0961365925981	2
683.3281648520673	2
683.5599885544995	2
683.7916077806872	2
684.023022593546	2
684.2542330551444	2
684.4852392361449	2
684.7160411951332	2
684.9466389887702	2
685.1770326983091	2
685.4072223899451	2
685.6372081162192	2
685.8669899601225	2
686.0965679586026	2
686.3259422022029	2
686.5551127448961	2
686.7840796524965	2
687.0128429881165	2
687.2414028185501	2
687.4697592017818	2
687.6979122169785	2
687.9258619240645	2
688.1536083775256	2
688.3811516558169	2
688.6084918156084	2
688.8356289216432	2
689.0625630467088	2
689.2892942420219	2
689.5158225760516	2
689.7421481262588	2
689.9682709317788	2
690.1941910893239	2
690.4199086386692	2
690.6454236512553	2
690.8707361988891	2
691.0958463339349	2
691.3207541272512	2
691.545459642155	2
691.769962939625	2
691.9942640919287	2
692.218363155946	2
692.4422601949294	2
692.6659552778368	2
692.8894484763902	2
693.1127398399966	2
693.3358294380023	2
693.5587173311334	2
693.7814035944664	2
694.0038882754552	2
694.2261714533224	2
694.4482531792273	2
694.6701335328344	2
694.8918125738023	2
695.1132903583808	2
695.3345669540652	2
695.5556424262465	2
695.7765168286286	2
695.9971902492549	2
696.2176627211078	2
696.4379343340127	2
696.6580051245736	2
696.8778751832288	2
697.0975445598369	2
697.3170133201284	2
697.5362815342526	2
697.755349260036	2
697.9742165630267	2
698.192883506431	2
698.4113501533029	2
698.6296165611997	2
698.8476828031608	2
699.0655489406814	2
699.2832150336104	2
699.5006811389261	2
699.7179473328581	2
699.9350136746767	2
700.1518802249205	2
700.3685470458382	2
700.5850142153487	2
700.8012817813848	2
701.0173498039595	2
701.2332183659834	2
701.4488875144593	2
701.6643573190165	2
701.8796278378466	2
702.0946991356061	2
702.3095712756545	2
702.5242443222018	2
702.7387183429538	2
702.9529933954742	2
703.1670695342929	2
703.3809468370188	2
703.5946253548057	2
703.8081051678286	2
704.0213863153216	2
704.2344688883885	2
704.4473529287395	2
704.6600385055596	2
704.8725256845777	2
705.0848145218332	2
705.2969050807997	2
705.5087974432371	2
705.7204916514005	2
705.9319877712763	2
706.1432858640776	2
706.3543859986431	2
706.5652882380201	2
706.7759926417408	2
706.9864992735907	2
707.1968081859469	2
707.4069194636875	2
707.6168331541968	2
707.8265493225972	2
708.0360680268905	2
708.2453893373046	2
708.4545133189265	2
708.663440017921	2
708.872169514821	2
709.0807018622403	2
709.2890371307656	2
709.4971753763805	2
709.7051166653613	2
709.9128610592755	2
710.1204086229017	2
710.3277594093682	2
710.5349134879925	2
710.74187092333	2
710.9486317728527	2
711.155196098113	2
711.3615639674048	2
711.5677354375575	2
711.7737105745593	2
711.9794894356737	2
712.1850720880026	2
712.3904585931497	2
712.5956490113797	2
712.8006434059688	2
713.0054418441837	2
713.210044374069	2
713.4144510757934	2
713.6186619986436	2
713.8226772049277	2
714.0264967689828	2
714.230120742478	2
714.4335491857705	2
714.6367821614539	2
714.839819740115	2
715.0426619772014	2
715.2453089367859	2
715.4477606849929	2
715.6500172777139	2
715.8520787789417	2
716.0539452476341	2
716.2556167555156	2
716.4570933421719	2
716.65837509455	2
716.8594620589743	2
717.0603543047965	2
717.2610518934181	2
717.4615548886347	2
717.6618633423673	2
717.8619773332073	2
718.0618969133519	2
718.2616221369395	2
718.4611530793798	2
718.6604897920311	2
718.8596323413852	2
719.0585807867814	2
719.2573351950537	2
719.4558956249373	2
719.6542621368345	2
719.8524347943176	2
720.0504136623241	2
720.2481987922378	2
720.4457902516197	2
720.6431881068844	2
720.8403924133028	2
721.0374032340775	2
721.2342206275564	2
721.4308446663066	2
721.627275401109	2
721.8235128984531	2
722.0195572180686	2
722.2154084207095	2
722.411066574129	2
722.6065317305304	2
722.8018039590722	2
722.9968833183478	2
723.1917698694791	2
723.3864636685163	2
723.5809647849666	2
723.7752732833114	2
723.9693892158381	2
724.1633126457497	2
724.3570436383535	2
724.5505822580268	2
724.743928551991	2
724.9370825985845	2
725.1300444487014	2
725.3228141677421	2
725.51539181535	2
725.7077774505802	2
725.8999711442398	2
726.0919729440392	2
726.283782924448	2
726.475401135614	2
726.6668276487916	2
726.8580625219105	2
727.0491058119317	2
727.2399575836472	2
727.4306178988624	2
727.6210868173878	2
727.8113644007276	2
728.0014507071065	2
728.1913458074623	2
728.3810497586996	2
728.5705626098684	2
728.7598844424306	2
728.9490153032827	2
729.1379552571767	2
729.3267043689025	2
729.5152626971203	2
729.7036302986877	2
729.8918072423328	2
730.079793585016	2
730.2675893812889	2
730.4551947019073	2
730.6426096092064	2
730.8298341575197	2
731.0168684143757	2
731.2037124417245	2
731.3903662920062	2
731.5768300329705	2
731.7631037228599	2
731.949187424881	2
732.1350811910079	2
732.3207850991627	2
732.5062991937644	2
732.6916235482772	2
732.8767582182464	2
733.0617032689181	2
733.2464587561202	2
733.431024741603	2
733.6154012944565	2
733.7995884636106	2
733.9835863118705	2
734.167394907731	2
734.3510143101313	2
734.5344445744558	2
734.7176857683826	2
734.900737945322	2
735.083601172013	2
735.266275505921	2
735.4487610113813	2
735.6310577498209	2
735.813165777449	2
735.9950851628295	2
736.1768159614476	2
736.3583582393287	2
736.5397120482617	2
736.7208774557836	2
736.9018545243416	2
737.0826433066292	2
737.2632438731923	2
737.4436562743539	2
737.6238805839329	2
737.8039168507066	2
737.9837651463876	2
738.1634255267608	2
738.3428980484748	2
738.5221827803973	2
738.701279779471	2
738.8801891060732	2
739.0589108203633	2
739.2374449886366	2
739.4157916675251	2
739.5939509133465	2
739.7719227966395	2
739.9497073722276	2
740.1273047035421	2
740.3047148496315	2
740.4819378700657	2
740.6589738312339	2
740.8358227881645	2
741.0124848035422	2
741.1889599426306	2
741.3652482589752	2
741.5413498191205	2
741.7172646780233	2
741.8929929046933	2
742.0685345503962	2
742.2438896861679	2
742.4190583648287	2
742.5940406538488	2
742.7688366088971	2
742.9434462909159	2
743.1178697624033	2
743.2921070852933	2
743.4661583200991	2
743.6400235253836	2
743.813702765556	2
743.9871960980716	2
744.1605035839079	2
744.3336252855191	2
744.5065612636653	2
744.6793115798009	2
744.8518762962497	2
745.0242554703161	2
745.1964491620287	2
745.3684574360739	2
745.5402803509986	2
745.711917968451	2
745.8833703489005	2
746.054637553405	2
746.2257196382957	2
746.3966166752679	2
746.5673287166612	2
746.7378558259519	2
746.9081980664937	2
747.0783554939255	2
747.2483281719361	2
747.418116163465	2
747.5877195276022	2
747.7571383219745	2
747.9263726100618	2
748.0954224539406	2
748.2642879132144	2
748.432969046898	2
748.6014659180647	2
748.7697785877019	2
748.9379071196311	2
749.1058515720338	2
749.2736120039632	2
749.4411884766852	2
749.6085810521888	2
749.7757897924619	2
749.9428147556098	2
750.1096560075395	2
750.2763136035546	2
750.4427876066169	2
750.6090780813965	2
750.7751850837099	2
750.9411086774153	2
751.1068489219039	2
751.2724058771244	2
751.4377796072545	2
751.6029701733111	2
751.7679776323843	2
751.9328020480615	2
752.0974434813255	2
752.2619019918179	2
752.4261776392985	2
752.5902704901243	2
752.7541806023562	2
752.9179080366042	2
753.081452851813	2
753.2448151148443	2
753.4079948814158	2
753.5709922167655	2
753.7338071762913	2
753.8964398238226	2
754.0588902181203	2
754.2211584266148	2
754.3832445060362	2
754.5451485200414	2
754.7068705261473	2
754.8684105853268	2
755.0297687643823	2
755.1909451160009	2
755.3519397081841	2
755.512752600866	2
755.6733838488238	2
755.8338335184962	2
755.9941016724744	2
756.1541883722853	2
756.3140936740574	2
756.4738176429966	2
756.6333603387798	2
756.7927218229213	2
756.9519021563428	2
757.1109014008154	2
757.2697196191194	2
757.4283568697243	2
757.5868132183098	2
757.7450887182395	2
757.9031834366893	2
758.0610974333817	2
758.2188307679504	2
758.3763835038287	2
758.5337556992703	2
758.6909474199134	2
758.8479587231877	2
759.0047896725084	2
759.1614403313232	2
759.3179107560992	2
759.4742010117166	2
759.6303111584307	2
759.7862412595889	2
759.9419913720739	2
760.0975615606641	2
760.2529518871037	2
760.4081624073406	2
760.56319319052	2
760.7180442935489	2
760.8727157773087	2
761.0272077077807	2
761.1815201383516	2
761.3356531398833	2
761.4896067658135	2
761.64338108553	2
761.796976152907	2
761.9503920367218	2
762.1036287916019	2
762.2566864846815	2
762.4095651720969	2
762.5622649163996	2
762.7147857848337	2
762.8671278333721	2
763.0192911244465	2
763.1712757193549	2
763.3230816853534	2
763.4747090755216	2
763.6261579560748	2
763.7774283886384	2
763.928520437166	2
764.0794341553017	2
764.2301696142272	2
764.3807268705746	2
764.5311059872714	2
764.6813070252671	2
764.831330046072	2
764.9811751135427	2
765.1308422883326	2
765.2803316299983	2
765.4296432044338	2
765.5787770710871	2
765.7277332911677	2
765.8765119266914	2
766.025113042523	2
766.1735366980349	2
766.3217829565505	2
766.4698518763159	2
766.6177435237815	2
766.7654579586529	2
766.9129952425984	2
767.0603554366058	2
767.2075386077631	2
767.3545448137273	2
767.5013741161121	2
767.6480265807405	2
767.7945022656721	2
767.9408012357667	2
768.0869235497062	2
768.2328692723258	2
768.3786384673941	2
768.5242311924106	2
768.6696475104152	2
768.8148874879913	2
768.9599511816223	2
769.1048386590659	2
769.2495499763658	2
769.3940852062233	2
769.5384443994002	2
769.6826276232075	2
769.8266349391357	2
769.9704664119606	2
770.1141220980052	2
770.257602066151	2
770.4009063756854	2
770.5440350898239	2
770.6869882724006	2
770.8297659811165	2
770.9723682838671	2
771.1147952370594	2
771.2570469092066	2
771.3991233607773	2
771.5410246520534	2
771.6827508505891	2
771.8243020153193	2
771.9656782083431	2
772.1068794932252	2
772.2479059319174	2
772.388757587576	2
772.5294345247872	2
772.6699368021689	2
772.8102644872546	2
772.9504176379277	2
773.0903963235592	2
773.2302006013028	2
773.3698305330605	2
773.5092861851441	2
773.6485676196093	2
773.7876748990807	2
773.9266080855227	2
774.0653672448634	2
774.2039524355823	2
774.342363721408	2
774.4806011701846	2
774.6186648377064	2
774.7565547950989	2
774.89427109874	2
775.0318138136292	2
775.1691830025313	2
775.3063787313181	2
775.4434010621385	2
775.5802500564481	2
775.7169257746764	2
775.8534282871458	2
775.9897576519725	2
776.1259139326461	2
776.2618971952087	2
776.3977075006793	2
776.5333449129686	2
776.6688094971117	2
776.804101312813	2
776.9392204254148	2
777.0741669000456	2
777.2089407970802	2
777.3435421836721	2
777.4779711195474	2
777.6122276717778	2
777.746311899891	2
777.880223870304	2
778.0139636469162	2
778.1475312906566	2
778.2809268690677	2
778.4141504392433	2
778.5472020719445	2
778.6800818305045	2
778.8127897729127	2
778.945325967586	2
779.0776904761525	2
779.2098833640276	2
779.341904695892	2
779.4737545333393	2
779.6054329397635	2
779.7369399820268	2
779.8682757227771	2
779.9994402269132	2
780.1304335570522	2
780.2612557760423	2
780.3919069523317	2
780.5223871450607	2
780.6526964214085	2
780.7828348437162	2
780.9128024766177	2
781.0425993865217	2
781.1722256347847	2
781.3016812865698	2
781.4309664046651	2
781.5600810581725	2
781.6890253072935	2
781.8177992195976	2
781.9464028574064	2
782.074836284472	2
782.2030995641001	2
782.3311927640484	2
782.4591159490135	2
782.5868691808842	2
782.7144525276964	2
782.8418660499889	2
782.969109816426	2
783.0961838892126	2
783.2230883323693	2
783.3498232128435	2
783.4763885938897	2
783.6027845442318	2
783.7290111228112	2
783.855068397592	2
783.9809564332795	2
784.1066752962981	2
784.232225049083	2
784.3576057590924	2
784.4828174880804	2
784.6078603026364	2
784.7327342703627	2
784.8574394520306	2
784.9819759171235	2
785.1063437281535	2
785.2305429516982	2
785.354573652162	2
785.4784358923237	2
785.6021297431046	2
785.7256552695934	2
785.8490125296853	2
785.9722015962666	2
786.0952225334029	2
786.2180754057013	2
786.3407602776533	2
786.4632772184696	2
786.5856262906182	2
786.7078075590755	2
786.8298210895333	2
786.9516669513001	2
787.0733452075337	2
787.1948559259349	2
787.3161991679801	2
787.4373750054859	2
787.5583835013623	2
787.6792247194937	2
787.7998987290975	2
787.9204055941503	2
788.0407453826884	2
788.1609181610347	2
788.2809239911717	2
788.4007629442816	2
788.5204350834643	2
788.6399404757383	2
788.7592791899119	2
788.8784512888395	2
788.9974568413847	2
789.1162959110376	2
789.2349685686944	2
789.3534748740934	2
789.4718149006968	2
789.5899887107591	2
789.7079963720438	2
789.825837951742	2
789.9435135170332	2
790.0610231323355	2
790.1783668668417	2
790.2955447861904	2
790.4125569584	2
790.5294034483607	2
790.6460843260248	2
790.7625996554682	2
790.8789495039331	2
790.9951339400938	2
791.1111530298795	2
791.2270068396325	2
791.342695438911	2
791.4582188929267	2
791.5735772689206	2
791.6887706356092	2
791.8037990599402	2
791.9186626098642	2
792.0333613511978	2
792.1478953507884	2
792.2622646789067	2
792.3764693998921	2
792.4905095831034	2
792.6043852974414	2
792.7180966106527	2
792.8316435874489	2
792.9450262967438	2
793.0582448088638	2
793.1712991878793	2
793.2841895033498	2
793.3969158246919	2
793.5094782183605	2
793.6218767517231	2
793.7341114946686	2
793.8461825127591	2
793.9580898770693	2
794.0698336523149	2
794.1814139104104	2
794.2928307187823	2
794.4040841443953	2
794.515174258022	2
794.6261011262268	2
794.7368648162371	2
794.8474653981435	2
794.9579029425033	2
795.0681775136593	2
795.1782891837966	2
795.2882380209315	2
795.3980240925679	2
795.5076474695052	2
795.6171082175046	2
795.7264064093719	2
795.835542110777	2
795.9445153921127	2
796.0533263219435	2
796.16197497177	2
796.2704614064791	2
796.3787857009555	2
796.4869479193247	2
796.5949481318279	2
796.7027864091185	2
796.8104628218636	2
796.9179774348065	2
797.0253303221458	2
797.1325215514132	2
797.2395511922618	2
797.3464193146773	2
797.4531259882327	2
797.5596712831863	2
797.6660552685131	2
797.7722780141172	2
797.8783395907402	2
797.9842400685014	2
798.0899795175975	2
798.1955580061796	2
798.3009756059945	2
798.4062323866812	2
798.5113284171657	2
798.6162637701055	2
798.7210385139954	2
798.8256527214847	2
798.9301064610333	2
799.0343998048822	2
799.138532820417	2
799.2425055801244	2
799.346318156661	2
799.4499706165551	2
799.5534630336102	2
799.6567954776609	2
799.7599680200002	2
799.8629807326532	2
799.9658336848692	2
800.0685269480523	2
800.1710605924036	2
800.2734346907336	2
800.3756493148809	2
800.4777045336876	2
800.5796004196927	2
800.6813370445573	2
800.7829144779879	2
800.8843327927262	2
800.9855920612473	2
801.0866923541857	2
801.1876337426493	2
801.2884162985895	2
801.3890400949225	2
801.4895052027819	2
801.5898116946196	2
801.689959642391	2
801.7899491153636	2
801.8897801890901	2
801.9894529346504	2
802.0889674232778	2
802.1883237282557	2
802.287521921018	2
802.3865620766105	2
802.4854442642727	2
802.5841685564533	2
802.6827350265053	2
802.7811437485003	2
802.8793947946651	2
802.9774882376294	2
803.0754241478726	2
803.1732025999609	2
803.2708236664714	2
803.3682874217681	2
803.4655939381969	2
803.5627432877963	2
803.6597355452262	2
803.7565707822889	2
803.8532490733054	2
803.9497704902485	2
804.0461351076051	2
804.1423429986099	2
804.238394238607	2
804.3342888976775	2
804.4300270532897	2
804.5256087772865	2
804.6210341436797	2
804.7163032253333	2
804.8114160979154	2
804.9063728362969	2
805.0011735108812	2
805.095818197949	2
805.1903069710897	2
805.2846399048993	2
805.3788170751304	2
805.4728385532069	2
805.5667044159815	2
805.6604147366837	2
805.7539695899943	2
805.8473690523059	2
805.9406131973516	2
806.0337020984973	2
806.1266358323315	2
806.2194144735817	2
806.3120380967251	2
806.4045067773021	2
806.4968205908687	2
806.588979611448	2
806.6809839169044	2
806.7728335795715	2
806.8645286749272	2
806.9560692801098	2
807.0474554713023	2
807.1386873220191	2
807.229764908844	2
807.320688307065	2
807.4114575929011	2
807.5020728423831	2
807.592534131412	2
807.6828415347064	2
807.7729951320828	2
807.8629949984515	2
807.9528412088303	2
808.042533839835	2
808.1320729669528	2
808.221458668788	2
808.3106910198485	2
808.399770099183	2
808.4886959812492	2
808.5774687433592	2
808.66608846339	2
808.7545552159701	2
808.8428690824685	2
808.9310301365185	2
809.0190384560068	2
809.1068941191712	2
809.1945972031614	2
809.2821477847132	2
809.3695459411216	2
809.4567917497741	2
809.5438852900277	2
809.6308266373125	2
809.7176158701044	2
809.8042530663162	2
809.8907383058403	2
809.9770716634897	2
810.0632532204196	2
810.1492830527563	2
810.2351612383818	2
810.3208878570288	2
810.4064629873388	2
810.4918867068374	2
810.577159094025	2
810.6622802294904	2
810.7472501896939	2
810.8320690538004	2
810.9167369020136	2
811.0012538110115	2
811.0856198625736	2
811.169835134963	2
811.2538997067984	2
811.3378136571051	2
811.4215770663288	2
811.5051900149214	2
811.5886525786015	2
811.6719648417696	2
811.7551268804444	2
811.8381387768806	2
811.9210006091777	2
812.0037124585556	2
812.0862744047457	2
812.1686865270184	2
812.2509489068373	2
812.3330616233497	2
812.4150247586167	2
812.4968383920071	2
812.5785026042059	2
812.6600174757355	2
812.7413830886948	2
812.8225995226701	2
812.9036668605077	2
812.9845851784859	2
813.0653545621827	2
813.1459750913998	2
813.2264468469558	2
813.3067699108793	2
813.3869443643805	2
813.466970288844	2
813.5468477656502	2
813.6265768775022	2
813.7061577060032	2
813.7855903324656	2
813.8648748406468	2
813.9440113097078	2
814.0229998237564	2
814.1018404657518	2
814.1805333160308	2
814.2590784580796	2
814.3374759743813	2
814.4157259479671	2
814.4938284601886	2
814.5717835952561	2
814.649591436088	2
814.7272520658205	2
814.804765566632	2
814.8821320216409	2
814.9593515161674	2
815.0364241317315	2
815.1133499518875	2
815.1901290605118	2
815.266761542086	2
815.3432474802833	2
815.4195869581345	2
815.495780059613	2
815.5718268688667	2
815.6477274711834	2
815.7234819487777	2
815.799090388953	2
815.8745528732537	2
815.949869487562	2
816.0250403162432	2
816.1000654449748	2
816.1749449579299	2
816.2496789384508	2
816.3242674748674	2
816.3987106497813	2
816.4730085501478	2
816.5471612593121	2
816.621168865625	2
816.6950314512047	2
816.7687491055256	2
816.8423219107974	2
816.9157499545612	2
816.9890333230568	2
817.0621721017454	2
817.1351663774135	2
817.2080162349997	2
817.2807217631112	2
817.3532830469036	2
817.4257001717926	2
817.4979732265649	2
817.5701022979738	2
817.6420874717029	2
817.7139288358223	2
817.7856264775112	2
817.8571804824079	2
817.928590939952	2
817.9998579353538	2
818.0709815585659	2
818.1419618955207	2
818.2127990345384	2
818.2834930627763	2
818.3540440702022	2
818.4244521434437	2
818.4947173706554	2
818.56483984049	2
818.634819641366	2
818.7046568622025	2
818.7743515910615	2
818.843903917795	2
818.9133139294964	2
818.9825817169557	2
819.0517073683436	2
819.1206909730388	2
819.1895326206759	2
819.2582323997956	2
819.326790400764	2
819.3952067118648	2
819.4634814252499	2
819.5316146290247	2
819.5996064141934	2
819.6674568697874	2
819.7351660877537	2
819.8027341569677	2
819.87016116836	2
819.9374472120759	2
820.0045923800166	2
820.0715967625201	2
820.1384604496791	2
820.2051835346257	2
820.2717661066637	2
820.3382082575914	2
820.404510079131	2
820.4706716620382	2
820.5366930990346	2
820.6025744809353	2
820.6683158998468	2
820.7339174486748	2
820.7993792184135	2
820.8647013022991	2
820.929883791682	2
820.9949267801634	2
821.0598303602293	2
821.1245946245901	2
821.1892196655076	2
821.2537055760696	2
821.3180524507139	2
821.382260381302	2
821.4463294624056	2
821.5102597866529	2
821.5740514475051	2
821.6377045383533	2
821.7012191545131	2
821.7645953896812	2
821.8278333373389	2
821.8909330918947	2
821.9538947481125	2
822.016718400868	2
822.079404144381	2
822.1419520731857	2
822.204362282451	2
822.266634866793	2
822.3287699227641	2
822.3907675441308	2
822.4526278282217	2
822.5143508689117	2
822.575936761183	2
822.6373856027042	2
822.6986974889146	2
822.7598725161043	2
822.8209107803104	2
822.8818123778967	2
822.9425774061891	2
823.0032059593628	2
823.0636981372916	2
823.1240540350226	2
823.1842737499619	2
823.2443573796799	2
823.3043050208951	2
823.3641167719594	2
823.4237927299396	2
823.4833329927416	2
823.5427376578666	2
823.6020068237534	2
823.6611405881999	2
823.7201390510062	2
823.7790023090682	2
823.8377304610607	2
823.8963236057098	2
823.9547818415813	2
824.0131052691039	2
824.0712939870425	2
824.1293480939912	2
824.1872676890312	2
824.2450528734919	2
824.302703745496	2
824.3602204059255	2
824.4176029538437	2
824.4748514909804	2
824.5319661156333	2
824.588946929887	2
824.6457940338239	2
824.7025075285992	2
824.7590875134828	2
824.8155340918875	2
824.8718473637061	2
824.9280274301315	2
824.9840743929826	2
825.0399883537315	2
825.0957694146515	2
825.151417677619	2
825.2069332447231	2
825.2623162179515	2
825.3175666996133	2
825.3726847926679	2
825.4276705997219	2
825.4825242240357	2
825.5372457685144	2
825.5918353359943	2
825.6462930304632	2
825.7006189536523	2
825.7548132106398	2
825.8088759053323	2
825.8628071415184	2
825.9166070233688	2
825.9702756547135	2
826.0238131407141	2
826.0772195852221	2
826.1304950935651	2
826.1836397706123	2
826.2366537218361	2
826.2895370514713	2
826.3422898658235	2
826.394912270003	2
826.4474043693472	2
826.4997662706978	2
826.551998080276	2
826.6040999028936	2
826.6560718473185	2
826.7079140178641	2
826.7596265220535	2
826.81120946614	2
826.8626629575663	2
826.9139871040861	2
826.9651820129286	2
827.0162477914243	2
827.0671845471345	2
827.1179923886533	2
827.1686714232295	2
827.2192217591313	2
827.2696435049297	2
827.31993677021	2
827.3701016624174	2
827.4201382915286	2
827.4700467653578	2
827.5198271936445	2
827.5694796872472	2
827.6190043544005	2
827.6684013047674	2
827.7176706491769	2
827.7668124968951	2
827.815826958833	2
827.8647141451258	2
827.91347416721	2
827.9621071348516	2
828.0106131600269	2
828.0589923537195	2
828.1072448266369	2
828.1553706915103	2
828.2033700585263	2
828.2512430411424	2
828.2989897510316	2
828.3466103009099	2
828.3941048019578	2
828.441473367725	2
828.4887161115514	2
828.5358331458814	2
828.5828245840079	2
828.6296905389096	2
828.6764311245686	2
828.723046455222	2
828.7695366444239	2
828.8159018066697	2
828.8621420556049	2
828.9082575061982	2
828.9542482734172	2
829.000114471512	2
829.0458562164965	2
829.0914736230216	2
829.1369668063007	2
829.1823358830188	2
829.2275809681412	2
829.2727021785058	2
829.3176996300786	2
829.3625734395265	2
829.4073237226256	2
829.4519505970752	2
829.4964541805551	2
829.5408345886192	2
829.5850919401673	2
829.6292263521404	2
829.6732379428022	2
829.7171268298118	2
829.7608931316943	2
829.8045369666057	2
829.8480584537755	2
829.8914577118506	2
829.9347348590327	2
829.9778900159444	2
830.020923301284	2
830.0638348346669	2
830.1066247365331	2
830.1492931271514	2
830.1918401256797	2
830.2342658532601	2
830.2765704309201	2
830.3187539791751	2
830.3608166197158	2
830.4027584732082	2
830.4445796609939	2
830.4862803055486	2
830.5278605286242	2
830.569320452889	2
830.6106601998048	2
830.6518798921636	2
830.6929796532394	2
830.7339596057012	2
830.7748198733703	2
830.8155605788675	2
830.8561818471079	2
830.8966838013622	2
830.9370665655158	2
830.9773302640439	2
831.0174750214044	2
831.0575009629435	2
831.0974082132465	2
831.1371968973791	2
831.1768671413427	2
831.2164190699862	2
831.2558528101903	2
831.2951684876235	2
831.3343662288678	2
831.3734461598347	2
831.4124084082297	2
831.4512531003979	2
831.4899803644693	2
831.5285903264745	2
831.567083115594	2
831.605458859067	2
831.6437176852357	2
831.6818597224884	2
831.7198850995368	2
831.757793945079	2
831.7955863886936	2
831.8332625585829	2
831.8708225856439	2
831.9082665992397	2
831.945594729267	2
831.982807106194	2
832.0199038606144	2
832.0568851230565	2
832.093751024187	2
832.1305016963978	2
832.167137270586	2
832.2036578780346	2
832.2400636514772	2
832.276354722599	2
832.3125312242053	2
832.3485932882725	2
832.3845410483707	2
832.4203746379923	2
832.4560941896125	2
832.4916998377167	2
832.5271917159808	2
832.562569959143	2
832.5978347005384	2
832.6329860758734	2
832.6680242196946	2
832.7029492672699	2
832.737761353806	2
832.7724606147398	2
832.8070471867372	2
832.8415212053375	2
832.8758828075603	2
832.9101321295828	2
832.9442693089512	2
832.978294482586	2
833.012207787911	2
833.0460093629587	2
833.0796993451532	2
833.1132778739488	2
833.1467450867716	2
833.1801011226646	2
833.2133461207907	2
833.2464802203098	2
833.2795035611616	2
833.3124162828151	2
833.3452185256732	2
833.3779104296427	2
833.4104921361011	2
833.4429637853037	2
833.4753255185835	2
833.5075774776415	2
833.539719804202	2
833.5717526401651	2
833.6036761279495	2
833.6354904097234	2
833.6671956284423	2
833.6987919275895	2
833.7302794498937	2
833.7616583395024	2
833.7929287402823	2
833.8240907960152	2
833.8551446516987	2
833.8860904519865	2
833.9169283417359	2
833.9476584665448	2
833.9782809716463	2
834.0087960029913	2
834.0392037073208	2
834.0695042306703	2
834.0996977193719	2
834.1297843207941	2
834.1597641824566	2
834.189637451933	2
834.2194042769437	2
834.2490648056465	2
834.2786191863921	2
834.3080675686234	2
834.3374101005447	2
834.3666469321245	2
834.3957782126173	2
834.4248040919778	2
834.4537247205409	2
834.4825402491491	2
834.5112508278557	2
834.5398566085428	2
834.5683577419326	2
834.5967543805269	2
834.6250466755782	2
834.6532347799221	2
834.6813188459685	2
834.7092990267133	2
834.7371754755972	2
834.7649483456429	2
834.7926177908618	2
834.8201839654007	2
834.8476470237451	2
834.8750071206118	2
834.9022644113702	2
834.9294190510033	2
834.9564711956857	2
834.9834210006752	2
835.0102686230118	2
835.0370142185134	2
835.0636579446054	2
835.0901999585242	2
835.1166404179581	2
835.1429794805042	2
835.1692173042493	2
835.1953540479531	2
835.2213898702315	2
835.2473249301806	2
835.2731593880138	2
835.2988934025162	2
835.3245271343866	2
835.3500607438074	2
835.3754943914195	2
835.4008282387059	2
835.4260624467258	2
835.4511971774185	2
835.476232592556	2
835.5011688547793	2
835.5260061269881	2
835.550744571477	2
835.5753843523084	2
835.5999256328499	2
835.6243685774049	2
835.6487133500146	2
835.6729601156553	2
835.6971090387307	2
835.7211602853496	2
835.7451140208158	2
835.7689704111875	2
835.7927296231207	2
835.8163918231193	2
835.8399571782892	2
835.8634258558814	2
835.8867980234177	2
835.9100738491362	2
835.93325350166	2
835.956337149799	2
835.9793249621689	2
836.0022171083632	2
836.0250137582793	2
836.047715082221	2
836.0703212499783	2
836.0928324333247	2
836.1152488026976	2
836.1375705297104	2
836.1597977866107	2
836.1819307452365	2
836.2039695783805	2
836.225914458465	2
836.2477655592936	2
836.2695230544603	2
836.2911871175038	2
836.3127579234128	2
836.3342356460599	2
836.3556204612138	2
836.3769125435732	2
836.3981120695069	2
836.4192192145111	2
836.4402341559614	2
836.4611570698363	2
836.4819881338093	2
836.5027275250659	2
836.5233754217096	2
836.5439320018173	2
836.5643974445217	2
836.5847719281297	2
836.6050556324858	2
836.6252487367216	2
836.6453514216122	2
836.6653638673888	2
836.6852862547169	2
836.7051187652175	2
836.7248615798391	2
836.7445148810078	2
836.7640788502592	2
836.7835536712817	2
836.8029395264003	2
836.8222365992387	2
836.8414450736182	2
836.8605651334098	2
836.8795969631225	2
836.8985407484399	2
836.9173966733871	2
836.9361649244776	2
836.9548456873678	2
836.9734391485454	2
836.9919454946112	2
837.0103649130796	2
837.0286975909032	2
837.0469437165066	2
837.065103477703	2
837.0831770631348	2
837.1011646623916	2
837.1190664641488	2
837.1368826584193	2
837.1546134357445	2
837.1722589861039	2
837.1898195005406	2
837.2072951705956	2
837.2246861876001	2
837.2419927438051	2
837.2592150316441	2
837.2763532438479	2
837.2934075734834	2
837.3103782144934	2
837.327265360233	2
837.3440692056009	2
837.3607899451605	2
837.377427773857	2
837.3939828874529	2
837.4104554815412	2
837.4268457524681	2
837.4431538967732	2
837.459380111659	2
837.475524594344	2
837.4915875427486	2
837.5075691548984	2
837.5234696293709	2
837.5392891653026	2
837.5550279616909	2
837.5706862185185	2
837.5862641355644	2
837.6017619137286	2
837.6171797535061	2
837.6325178561002	2
837.6477764234639	2
837.6629556572594	2
837.678055759894	2
837.6930769342467	2
837.7080193836409	2
837.7228833112312	2
837.7376689212663	2
837.7523764177969	2
837.7670060055202	2
837.7815578895376	2
837.7960322753697	2
837.8104293689805	2
837.8247493760471	2
837.8389925034581	2
837.8531589583234	2
837.8672489478244	2
837.8812626796661	2
837.8952003618302	2
837.9090622030739	2
837.9228484120462	2
837.9365591979486	2
837.950194770421	2
837.9637553395547	2
837.977241115602	2
837.9906523093666	2
838.0039891319057	2
838.0172517946133	2
838.030440509339	2
838.0435554882582	2
838.0565969444295	2
838.0695650902688	2
838.0824601391662	2
838.0952823050028	2
838.1080318016512	2
838.1207088434676	2
838.1333136454763	2
838.1458464227048	2
838.1583073907552	2
838.1706967654529	2
838.1830147628618	2
838.1952615999041	2
838.2074374932422	2
838.2195426604251	2
838.2315773189792	2
838.243541686841	2
838.2554359824715	2
838.267260424596	2
838.2790152324277	2
838.2907006249743	2
838.3023168224204	2
838.3138640445922	2
838.3253425119724	2
838.3367524456544	2
838.348094066462	2
838.3593675959058	2
838.3705732559084	2
838.3817112684967	2
838.3927818562006	2
838.4037852418421	2
838.4147216485518	2
838.4255912997116	2
838.4363944191763	2
838.4471312309313	2
838.4578019596112	2
838.4684068298557	2
838.4789460668261	2
838.4894198959188	2
838.4998285427761	2
838.5101722332889	2
838.520451193889	2
838.5306656512801	2
838.5408158320445	2
838.5509019637958	2
838.5609242738084	2
838.5708829899619	2
838.580778340305	2
838.5906105534935	2
838.6003798578915	2
838.6100864826033	2
838.619730656729	2
838.6293126101684	2
838.6388325723932	2
838.6482907735397	2
838.6576874439418	2
838.6670228141188	2
838.6762971151096	2
838.6855105778809	2
838.6946634341296	2
838.7037559151709	2
838.7127882530833	2
838.7217606798811	2
838.730673428088	2
838.739526730239	2
838.74832081906	2
838.7570559278287	2
838.7657322897522	2
838.7743501384667	2
838.7829097075896	2
838.7914112313862	2
838.7998549436663	2
838.808241079091	2
838.8165698721093	2
838.8248415576852	2
838.833056370817	2
838.841214546635	2
838.8493163204497	2
838.8573619278976	2
838.865351604834	2
838.8732855870145	2
838.8811641107518	2
838.8889874121318	2
838.8967557277201	2
838.9044692940819	2
838.9121283477394	2
838.9197331259345	2
838.9272838655468	2
838.9347808035407	1
839.0214509277774	1
