#t	ell(t)
0.0	1.097873798410574
0.011010696193031511	1.097873936080064
0.014279393400515135	1.0979038903471845
0.021002499889845885	1.0979126607834353
0.0272464693318863	1.0979305487389346
0.035990747736506463	1.0979469845262697
0.046424666135380405	1.0979697214011033
0.061310785077980934	1.0979964325248543
0.08348038171426368	1.0980337722044982
0.11748593181635494	1.0980877636463953
0.1416429928259642	1.098167013459605
0.1566191528072152	1.0982208419880881
0.1695259206474782	1.0982532386954993
0.19083944576575967	1.098280583603859
0.23538438208143247	1.0983246164951135
0.2723360795229769	1.0984123888284474
0.29030351143472843	1.0984811598862319
0.3011265584007989	1.0985133729216088
0.3147698062391358	1.0985324093930084
0.33725898494305706	1.098556024748572
0.37366530061338304	1.098594056222308
0.4012199928833871	1.0986533890935504
0.41710351129522216	1.0986965794464634
0.4292600731424897	1.098720845053038
0.44730116688231686	1.09873911841088
0.4814298952170879	1.0987657774104167
0.5194555411819934	1.0988147805182034
0.5399918164307953	1.0988673302054335
0.5519450813616517	1.0988948773217904
0.5645386065199544	1.0989106569853053
0.5911191488538542	1.098927087018006
0.6261166181419886	1.0989611352662276
0.6508582698590624	1.0990047385735466
0.665682090498515	1.0990347810046337
0.6782137940665706	1.0990524891056137
0.6990785632502523	1.0990672958112644
0.7347824079615068	1.0990916299747475
0.7770509563356143	1.0991324006390686
0.7976798043646556	1.0991793641213943
0.8089182551434717	1.0992018143807851
0.8207645491818024	1.0992139234121876
0.8425268191949372	1.0992265984019967
0.8729301821343233	1.0992496542736996
0.9000096490229447	1.0992813972072895
0.9176150836522318	1.0993092435618448
0.9311558458962582	1.099327147277073
0.9480981362063331	1.099340815839172
0.9874683812007622	1.0993577995091153
1.0128891973257197	1.0993967911881648
1.0270514150917558	1.0994216434515827
1.0387564641326237	1.0994353871684972
1.061153657549564	1.0994466945800896
1.107160843110879	1.0994682067895498
1.1340613058223383	1.0995119287298967
1.1477221445098136	1.0995372328923398
1.1585185966327927	1.099550016669375
1.181976934257982	1.0995600906500478
1.2390381965345936	1.099581894947936
1.2614873302287568	1.0996345076134089
1.2728542156612295	1.0996550651907926
1.2836834032825661	1.099665447582173
1.3047574722268716	1.0996753237762966
1.3308375341688632	1.099694503833374
1.3553901619571849	1.0997181753667966
1.3734217305126855	1.0997404042072219
1.3885125676009629	1.099756699630591
1.406394056152527	1.099770320797818
1.4345946603252995	1.099786443983298
1.4580030229954988	1.0998118411930433
1.4750646067019089	1.099832901311548
1.4898382664256715	1.0998482428166156
1.5093673697833563	1.0998615233476214
1.5346683505767178	1.0998790758169248
1.5616173641260358	1.0999018158988134
1.5808259300244305	1.099926043866854
1.5955569140946992	1.099943321356541
1.6117599127184281	1.0999565778923572
1.6389897616292928	1.099971167239003
1.6630308014161468	1.0999957082898129
1.6811566060891043	1.1000174040697168
1.6963376363389409	1.100033782128429
1.7147206680781097	1.1000475144962465
1.7386093803260665	1.1000641632420618
1.7666704378956357	1.100085833700814
1.7867458624205803	1.1001113448540076
1.801566682521445	1.1001296361931756
1.8170009616785787	1.1001431626181974
1.8427482833052715	1.1001572705325915
1.8671317969340735	1.100180856484846
1.886386905492983	1.10020325532414
1.9021384464379816	1.1002209879734104
1.9196994910424927	1.1002355247397788
1.9420942479644927	1.1002517649334234
1.9703252665198931	1.1002725282017853
1.9909835433171137	1.1002987901344081
2.0061314837376427	1.100318071754888
2.0213123963272928	1.1003322456259732
2.0456046309743763	1.1003464811983
2.0700372849587305	1.1003693262914416
2.090334179523342	1.100392386982553
2.106714041809489	1.1004116094116259
2.123750993544631	1.1004271663970633
2.144855038606862	1.1004433900259896
2.1727105405167935	1.1004635479083495
2.1937220168461367	1.1004902604742073
2.209303169415951	1.1005104913199886
2.224517424496171	1.1005255395059215
2.247669144429406	1.1005402717270227
2.271817464003002	1.1005627635654647
2.2928582091353698	1.1005863198058825
2.3098254391129163	1.1006069259507973
2.326672876516013	1.100623598732947
2.346850929170772	1.1006402037653453
2.3739181087908103	1.1006601578444384
2.3950332727677868	1.1006870395522739
2.4111058552633406	1.1007081028287202
2.4265918847045542	1.1007241909583763
2.448964347853566	1.1007397375322028
2.4725294839915324	1.100762277062349
2.493867209127601	1.1007861210456018
2.5112819741755303	1.1008078032496642
2.5282697275415327	1.1008255647096445
2.547943198751341	1.1008429478128763
2.5739771461164493	1.1008631503463149
2.594949374714718	1.1008900029017188
2.6115127567286724	1.1009117338021417
2.627456764272162	1.1009289593799256
2.6494122851511572	1.1009455938576234
2.6722180721366553	1.1009685858459943
2.693455561850912	1.1009925742401856
2.7111201735275263	1.1010150108860879
2.728467807192192	1.101033745480624
2.7479868127398346	1.101052208380096
2.7730438175061867	1.1010730592361062
2.793710152725912	1.1010999462700988
2.810654750320239	1.1011222246128156
2.8271019494891085	1.1011405605305313
2.848980002264099	1.1011584186748242
2.871068687530959	1.101182266345727
2.8918325910470415	1.1012064518546785
2.909567237302597	1.1012292866055164
2.927526524854888	1.101248867136728
2.9471757859296295	1.1012687684606832
2.9712185004495026	1.101290626955078
2.991410012228634	1.1013174935975867
3.0086637479324776	1.101340160094272
3.0257073331753728	1.1013596038593643
3.047793480909393	1.1013788792545367
3.069183492710644	1.1014039591870888
3.089178885224222	1.1014283587314297
3.1068447243148922	1.1014512659232163
3.125705020924209	1.101471584041457
3.1456816719351695	1.1014933588320006
3.168590535374999	1.1015165163991156
3.188144555955449	1.101543192597123
3.205695111730791	1.1015660639284586
3.2234821840295678	1.101586671984227
3.246030866111029	1.1016076355243243
3.266712780582547	1.1016343240295785
3.2857234758195113	1.1016589148135543
3.303318813647688	1.101681613277894
3.323410535033688	1.10170270321015
3.3437128932107942	1.1017268813803398
3.365203723458643	1.1017514176543326
3.383979674965296	1.101777505360423
3.402285748319818	1.1018003949662263
3.42094994736247	1.1018227996181358
3.443356484228072	1.1018457324052813
3.463287987704696	1.1018733837317671
3.4818103302396612	1.1018980916571066
3.4996543650393708	1.1019211467739338
3.5207615557604584	1.1019434437656312
3.540944100557094	1.1019699278390167
3.561114835254582	1.10199536344168
3.5793448704981548	1.1020208937472096
3.5987341104036363	1.1020440624834293
3.618127538937379	1.1020688036064232
3.6397813681566693	1.102093652861479
3.658960223353587	1.1021215204001906
3.6775870109740856	1.1021463108406189
3.6959385919483787	1.1021704852454643
3.7175805803231903	1.102194397012514
3.737330575012211	1.102222717169738
3.75659096114916	1.1022486764753792
3.774720985826539	1.1022740983240085
3.795204333146609	1.1022981244432974
3.814834963094689	1.1023253819245142
3.835342829441735	1.1023516175030408
3.8538924842998843	1.1023791438870765
3.873293650142173	1.1024041466880088
3.8922772957072054	1.1024304041282806
3.9135992054606383	1.1024562028580829
3.9327295098645876	1.1024853052227626
3.9518067358213234	1.1025115302828778
3.9702162775937975	1.102537790387859
3.991383679721948	1.1025632340335754
4.0107992938376205	1.102592614342584
4.030365686199309	1.102619681424323
4.0486847089907965	1.1026470736180576
4.069087139203113	1.1026728246662607
4.088362806427487	1.1027016244742753
4.108742258092995	1.1027289506574298
4.1273280430630415	1.1027579656320965
4.147019856843786	1.1027845386231943
4.165886155141679	1.1028128096786416
4.186813786584606	1.1028400088018508
4.20573295387103	1.1028703098506705
4.225161588542493	1.1028978212952163
4.243672180841185	1.1029261910872874
4.26460353264993	1.10295333168921
4.283697985248809	1.1029841530497335
4.303337339420028	1.1030123918623618
4.32173601550242	1.1030415587103066
4.342276338413147	1.1030689959980486
4.361317774256107	1.1030997566788536
4.381417269633468	1.1031283954609825
4.399913354602312	1.1031587542665684
4.41998881640232	1.1031868086180594
4.438817157899546	1.1032173863300645
4.459333681709786	1.1032461860348548
4.47799943905041	1.1032777024219902
4.497777615613791	1.1033064982204142
4.516371977448268	1.1033371379530903
4.537075423390538	1.1033660643073624
4.555863628391556	1.1033984096560898
4.575588814214291	1.10342788929976
4.594035279127892	1.1034589691378298
4.6146840471887645	1.103488155314404
4.633495494636732	1.103520965422072
4.6533583915172185	1.1035509849745444
4.671764727740704	1.1035828163295816
4.692218554773839	1.1036124368781477
4.71096298773806	1.1036454921590193
4.731046300515944	1.103675914797663
4.749482387816762	1.1037086488637011
4.769717220359196	1.1037388247884947
4.788345843582074	1.103772085012673
4.808635278323445	1.1038028354241978
4.827120282258809	1.1038364700543708
4.847186380151563	1.1038672436155996
4.865694611988072	1.1039007904335145
4.886124290855232	1.1039318636634827
4.904642181388536	1.103966309179903
4.92461267833097	1.1039976647409178
4.9430229245083925	1.1040316226786924
4.963521587564803	1.1040630594586913
4.98204311721153	1.1040982118209934
5.001978781678307	1.104130109815107
5.020319493012384	1.104164588230212
5.040837443112607	1.1041964416429069
5.059336019025932	1.104232228543896
5.079271163603203	1.1042646317500302
5.09756366256712	1.104299698877583
5.118079485827576	1.1043320118488862
5.136539154063654	1.104368406950896
5.15648162786785	1.1044012949686413
5.17473557176742	1.1044369749513923
5.195251478387169	1.1044697713418299
5.213673538552476	1.1045067891384868
5.233609284833242	1.104540171594873
5.251820450533124	1.1045764496897805
5.272352746119433	1.1046097289196386
5.290742019689076	1.1046474101012818
5.3106517558661395	1.1046813033556644
5.328813531148084	1.104718154033686
5.34938359311575	1.104751910766757
5.36774669574901	1.1047903072003953
5.387605343973511	1.1048247315582995
5.405709837355869	1.1048621167208879
5.426347105129099	1.1048963426399943
5.444692277356914	1.1049355237615537
5.464463900074336	1.104970503422264
5.482501447245059	1.1050083618977458
5.503251939682129	1.1050430445480588
5.521590499041121	1.1050831149447147
5.541217275861486	1.105118681106724
5.559174106451362	1.1051569056894328
5.580118291223538	1.1051920236145667
5.598467745665417	1.105233160443837
5.6178488483887214	1.1052693579983264
5.635701694263762	1.1053077505964723
5.656992848010207	1.1053432619562538
5.675381877826246	1.1053857964519451
5.694332572146429	1.1054226951133925
5.712035798164912	1.1054608783989006
5.733992905297842	1.1054966934630646
5.752467046879012	1.1055413102177276
5.770635911634292	1.1055790183890677
5.788086328755488	1.1056162544717136
5.811479465099393	1.1056521598516627
5.830092313467326	1.105700511498798
5.84678577452551	1.1057391626646484
5.8637043674686025	1.1057739642209403
5.891254507166709	1.1058093671669198
5.909884308819522	1.105867302799876
5.923976061832274	1.1059066815628258
5.939226638440013	1.1059365765006093
5.977796369883749	1.1059690357069694
5.9956382584277375	1.1060516204539539
6.005963777972819	1.1060900644441967
6.018544095318992	1.106112382366458
6.037537828595586	1.1061396435632205
6.059482952826916	1.1061809476081952
6.087937591622466	1.1062288881522677
6.108638006059166	1.1062913996005266
6.124025156686894	1.1063371261758206
6.138472048783068	1.1063712529723455
6.164128195997637	1.1064034013950947
6.183020122684757	1.1064607498918817
6.198424194333447	1.106503189337746
6.214216655603493	1.1065379263518649
6.248702245965407	1.1065736637107035
6.266387064787129	1.1066521425170328
6.27745760571051	1.1066926238618597
6.2908670881082065	1.1067180461964818
6.311567327002802	1.106748924328139
6.332488363014761	1.1067967734439659
6.3637361237112495	1.1068453590199003
6.381005764249434	1.106918352177824
6.392695426648649	1.1069589135543132
6.407065654878412	1.1069864582616513
6.429044262000472	1.107020418535786
6.449365594993536	1.1070725716062033
6.472304138018834	1.1071210217472531
6.489391916885418	1.1071759781896988
6.50495358463887	1.107217101954887
6.522163740532498	1.107254690569579
6.553868833866048	1.1072964145699027
6.5718929108267625	1.107373703948638
6.583934965307021	1.10741788917064
6.5978502802774885	1.1074475095695364
6.620585467629097	1.1074818380298903
6.640077585337802	1.1075381568012923
6.6596312513622395	1.1075866723389782
6.6762414520478215	1.1076355557097077
6.695806988219276	1.1076772503118226
6.7134710698505335	1.1077265641489433
6.7358451549208995	1.1077712729896676
6.753350460331823	1.1078281596598702
6.77013199780337	1.1078728683450123
6.787109302356528	1.1079158948068704
6.825532202758657	1.1079595896587908
6.841966718006961	1.108059100744955
6.851524581777974	1.108101930071945
6.864446402861982	1.1081269112783163
6.882005855156041	1.108160771056855
6.903369439561872	1.108206942238609
6.925085826802513	1.1082633643511606
6.956384460851945	1.108320998966188
6.9741409512748875	1.1084045653526329
6.986129362727142	1.1084522394788243
7.000106635857642	1.1084845355585498
7.022016433725309	1.1085223007864242
7.0410432219851256	1.1085817407052831
7.06196782345924	1.1086335998706285
7.0786411410017065	1.1086908911805102
7.0962713742468	1.1087367381817517
7.113486811393729	1.1087854058941584
7.147551482852502	1.1088331174255512
7.163957937623008	1.1089280781810766
7.174326972647274	1.1089740780072357
7.188053609328885	1.1090032387685518
7.2068643736710705	1.1090419484007241
7.227188781930392	1.109095192663795
7.251441577929543	1.109152978723465
7.271001184426686	1.1092222855800267
7.289040421765018	1.1092784611192763
7.304796800530223	1.1093304930050425
7.327001182310276	1.109376116179511
7.344286771184815	1.1094406893332844
7.361296999226177	1.1094911856170002
7.377869121504107	1.1095410727591344
7.4231904524466055	1.109589862245576
7.438232366059139	1.1097242398043443
7.446264906223135	1.1097691502138782
7.458821565261614	1.1097931953815787
7.474004394594499	1.1098308725004582
7.495337474554816	1.1098765748873172
7.5139997254303035	1.1099410600174089
7.536987741936914	1.1099977314660383
7.553407334262432	1.1100678735687874
7.568405296419524	1.1101182012738042
7.585056629863092	1.1101643377480785
7.608523993771823	1.110215747104114
7.626593883988697	1.110288535456535
7.643437764250485	1.1103448512104759
7.659317225532406	1.1103975574066738
7.696366445146758	1.1104474335499868
7.711828329549805	1.1105645139745148
7.7210342756103785	1.1106136732475334
7.734400743591696	1.1106430253053436
7.751256545220299	1.110685754046937
7.771521584848234	1.110739825565008
7.7909901203816325	1.1108051128603318
7.819881573284733	1.1108681227315516
7.836525339810783	1.1109621540428511
7.848550804472991	1.1110166098737704
7.863222585367426	1.1110560858477943
7.883314009116514	1.1111043980614954
7.901564648753102	1.1111708233538984
7.937097711170618	1.1112314314265488
7.9522738277225695	1.1113501699824526
7.961570672847036	1.1114011830926929
7.975310655630757	1.1114325218929375
7.992221006576053	1.1114789623096617
8.012154685155572	1.111536322272229
8.031260946047768	1.1116042274613265
8.057367052250227	1.1116696100767092
8.074215379587322	1.1117594175068939
8.087684265375334	1.1118176679309357
8.102932271850664	1.1118643989578056
8.124008898191349	1.1119174800562888
8.141602271464675	1.111991162876636
8.16319292072256	1.1120529463725017
8.179100479692542	1.1121291145435275
8.195208367822948	1.1121854799473776
8.211550434844838	1.112242768821298
8.235331077910613	1.1123011113301122
8.252157521681909	1.1123864091535856
8.267187694962304	1.1124470505850867
8.28289306735297	1.1125014204840988
8.305359953339133	1.1125584376125062
8.322317807364401	1.112640367246224
8.33921407079168	1.1127024935257337
8.354864368792462	1.1127646401642595
8.388041004936039	1.1128224241391564
8.403113701575187	1.1129456222952356
8.412799607706457	1.1130019119147123
8.42687258188547	1.1130381891909575
8.443848499761103	1.113091045148782
8.462792760931144	1.1131550372933723
8.481609941421858	1.1132267515967538
8.502556400490914	1.1132983020545515
8.52041952167973	1.113378322609019
8.54859016218187	1.1134468767853152
8.563636697515125	1.113555576656021
8.574699652695925	1.113613932628946
8.589904988570085	1.1136569709117783
8.607621594446147	1.1137163081245476
8.626163842537915	1.1137857146579089
8.645525963330696	1.113858667619579
8.664321021543211	1.1139351884402264
8.684947259565293	1.1140098042106459
8.702554449166843	1.1140920726455947
8.735923800567985	1.114162618226485
8.750285890391247	1.1142971267238888
8.759467673761073	1.1143553483809434
8.773820865398456	1.1143926734258809
8.790052922691027	1.1144511842314344
8.80898436491447	1.1145175950324606
8.826403497267197	1.1145953741826862
8.849621113585428	1.114667249985691
8.865650427942448	1.1147635159398985
8.880406690930878	1.1148302886974806
8.895865097601614	1.1148919839624813
8.915860470713284	1.1149568479698053
8.93239817583053	1.1150411045507302
8.957944611673026	1.1151110955263124
8.972783626030376	1.115219757509554
8.984732175017719	1.1152831807784365
9.000319850163944	1.115334413412108
9.017703336821143	1.1154014701908803
9.035639149314152	1.1154765478480342
9.054079478835051	1.115554339009633
9.072195058305672	1.1156346674300122
9.091141529528027	1.1157139275289039
9.10864415179584	1.1157971920473155
9.129465564611127	1.115874448247073
9.145705793636232	1.1159667771536683
9.165869113679086	1.1160391128689513
9.180834334094092	1.1161293160372923
9.19825808007748	1.11619654828828
9.213496973220403	1.1162751311022912
9.240999663366933	1.1163441307832542
9.255576784095629	1.1164693018238778
9.266486784000492	1.116535983354217
9.281553427269099	1.116586043318115
9.298123240903678	1.1166553928988991
9.315767304470493	1.1167319531736517
9.3331221713555	1.1168138145449062
9.351523912149313	1.116894675432866
9.36841283175848	1.1169807854718132
9.388491238070575	1.117060154520605
9.404388613649184	1.1171549357004156
9.427395090142104	1.1172303079279977
9.441886141044268	1.1173399011376093
9.454943668688935	1.1174092453254163
9.470563135697875	1.1174719387537055
9.487512275936934	1.117547194542766
9.50456692294549	1.1176291805998673
9.522234886956149	1.1177120187629326
9.539207893366036	1.1177981991949464
9.557436100051628	1.1178813396213547
9.573766644502166	1.1179710121549746
9.593968930330634	1.1180516883665577
9.609376759870358	1.1181519373996358
9.629529869799919	1.1182287281450303
9.644024254693191	1.1183296058016956
9.660858817021797	1.1184024662909464
9.675633448166778	1.1184874150743789
9.697776746273329	1.1185622581743222
9.712477575294361	1.118674936413925
9.726790072545246	1.1187500815175457
9.741801519213551	1.1188235021212525
9.759301219205398	1.1189007857182955
9.775026255407443	1.118991239804387
9.794520741705487	1.1190728531736953
9.809697218529578	1.1191744688928464
9.83359764600473	1.1192539148724743
9.847525612965072	1.1193796319739873
9.859453238664463	1.1194532359337175
9.874854089600499	1.119516469758067
9.890651693131833	1.119598392346729
9.907592010784212	1.1196827494516879
9.923612777706362	1.11977357478372
9.941238164663213	1.119859820375682
9.956799371070632	1.119955099610288
9.976083572850552	1.1200395663131233
9.990985037827242	1.1201446939140074
10.01554899541704	1.120226273809434
10.029184704478105	1.1203614114052873
10.04048366828725	1.1204367843389087
10.055812998708921	1.1204994339571763
10.071112260523373	1.120584712434243
10.088020723381582	1.1206701482021768
10.103453250987355	1.1207649491300886
10.121319337258797	1.120851823806789
10.13634609356559	1.120952815592195
10.157342922278977	1.1210381063353405
10.17154659232871	1.121157819189583
10.186795187894711	1.1212391576403506
10.2011065964859	1.1213268015097293
10.218825215415666	1.1214093631425408
10.233563780302395	1.1215119909011209
10.254862218831041	1.1215977053296995
10.268851157989085	1.12172212978077
10.28328301028452	1.1218042147798397
10.297704897265957	1.1218892008753196
10.314344997371965	1.121974436330436
10.329230924391512	1.1220731660143741
10.346920154437775	1.1221618383037113
10.361522661922226	1.1222676416686448
10.382411605400096	1.1223553382350646
10.396269289205415	1.1224813502763198
10.411121044831892	1.1225653133717612
10.42527459988416	1.1226556256923839
10.442134996443048	1.1227420079159482
10.456694935117733	1.122845314318455
10.474953198353393	1.1229348803448085
10.489167300010383	1.1230476637670195
10.519740233728893	1.1231358275145962
10.532193637226529	1.1233265358159916
10.540582228227315	1.123404644067009
10.556071540254889	1.123457396167843
10.56980932168828	1.1235550973176682
10.587433067528151	1.123642072761178
10.601528980538124	1.1237540963317239
10.623409332631246	1.1238440578892477
10.63673860852186	1.1239843414355781
10.64953422441158	1.1240701851431985
10.664009101977767	1.1241528666977512
10.67899411546057	1.1242467251929016
10.694152056364628	1.1243442576997846
10.709319301491375	1.1244432964304298
10.724504795740053	1.1245427809497037
10.739639246530587	1.1246427727631225
10.754784548275245	1.1247428161346105
10.769862584686402	1.124843320456376
10.784962253503918	1.124943766969221
10.799980269090133	1.1250447479250463
10.815035687584505	1.125145572058865
10.829991931506829	1.1252470387408953
10.845005464859069	1.1253482268921953
10.859898139196732	1.1254501952544995
10.874872524055444	1.1255517331947047
10.889699610613773	1.1256542220959624
10.904637875305227	1.1257560937745967
10.919397161487154	1.1258591245136929
10.934302584966787	1.1259613121898533
10.948991728225845	1.1260649082899061
10.963867786076104	1.1261673929392542
10.978484399761891	1.126271579831445
10.993334688828659	1.126374341720829
11.007876441533645	1.1264791462644952
11.022704589117499	1.1265821656454127
11.03716931360753	1.1266876155192054
11.051978871298365	1.1267908734168262
11.066364671117682	1.1268969963760687
11.081159000337944	1.1270004753914389
11.09546434947503	1.1271072984368653
11.110246504309053	1.127210983528261
11.124470329259267	1.1273185320231314
11.139242939755977	1.1274224111864943
11.153384682640601	1.1275307079434471
11.168149844971436	1.1276347727761835
11.18220950424204	1.1277438371600512
11.196968680339145	1.1278480832761502
11.210946830729869	1.1279579303434835
11.225700757170895	1.1280623576448185
11.239598552873518	1.1281729973205483
11.254347159553907	1.128277610147202
11.268166327853647	1.1283890464447648
11.282908662446097	1.1284938536535583
11.296651492008502	1.1286060839106642
11.311385651840729	1.1287110989106104
11.325054979609048	1.1288241130545615
11.33977804689874	1.1289293538279397
11.353377251257452	1.1290431336412152
11.368085237536574	1.1291486228092342
11.381618233594594	1.1292631412417728
11.396306038637077	1.1293689061448602
11.409777275460145	1.129484126717919
11.424438677299692	1.1295901995103947
11.437853129370033	1.1297060759486222
11.452480824905784	1.1298124936478882
11.465843967744458	1.1299289699068231
11.480429688421836	1.130035774315583
11.493747445692604	1.1301527852206796
11.508282175854843	1.1302600226157642
11.52156082000665	1.1303774953653278
11.536035137445333	1.130485215798965
11.549281132786064	1.1306030725301668
11.563685668325306	1.1307113286378396
11.576905449798701	1.1308294900777593
11.591231436379015	1.1309383353175795
11.604431131109296	1.1310567253220487
11.618670974565063	1.1311662116810126
11.631856091270222	1.1312847621320867
11.646003876862467	1.131394937486518
11.659179002428283	1.1315135928368691
11.673230843858553	1.1316244982827501
11.686399394772709	1.1317432189344312
11.700353565626239	1.1318548864899114
11.713517636701722	1.1319736504356184
11.727374473508451	1.132086101493185
11.740534806972974	1.132204904043202
11.754296422653326	1.1323181488018035
11.76745249746627	1.1324370006430216
11.781122378468792	1.1325510385612936
11.794272593577697	1.1326699627126229
11.80785515771159	1.1327847837984764
11.8209970771785	1.1329038120922386
11.8344972603328	1.1330193987837944
11.847627876896935	1.1331385684597788
11.861050785273719	1.1332548977393113
11.874166773029359	1.1333742484881468
11.887517417771718	1.133491293977675
11.900615352281704	1.1336108656099448
11.913898464219445	1.1337285994525597
11.926974997456421	1.13384843020493
11.940194912092528	1.1339668246076249
11.95324690138995	1.1340869500271589
11.96640749785942	1.1342059784419858
11.979432090307348	1.1343264307269312
11.992536772183415	1.1344460686668039
12.005531452584487	1.1345668763729466
12.018583156533929	1.1346871019203046
12.03154576452623	1.1348082899192062
12.044546987794845	1.1349290839655761
12.057475712375357	1.135050673581167
12.07042855194343	1.135172019862578
12.083321910722725	1.1352940291260678
12.09622810899949	1.1354159141143838
12.109084917697277	1.1355383580935006
12.121945908723134	1.1356607707897242
12.134765244558476	1.13578366193734
12.147582200470827	1.135906593597594
12.160363365166026	1.1360299421176665
12.173137239059978	1.1361533859643216
12.185879722034537	1.1362772001579564
12.198611287088879	1.136401151081028
12.211314731500218	1.1365254376700515
12.22400461559325	1.1366498919446921
12.23666878823089	1.136774656363757
12.249317503389346	1.136899611394722
12.261942268303317	1.1370248580437372
12.274550235472299	1.1371503121370257
12.287135532373316	1.1372760445967556
12.299703102403296	1.1374019967701954
12.31224892872547	1.1375282179882311
12.324776398004675	1.137654667811732
12.337282794078714	1.137781380241436
12.349770418265189	1.1379083277026778
12.362237456037226	1.138035533428086
12.374685459912453	1.1381629788293743
12.387113234158766	1.138290679655067
12.399521820046568	1.1384186235319715
12.411910441129582	1.138546821061539
12.424279794116678	1.1386752641144589
12.436629384218579	1.1388039597986235
12.448959676821351	1.1389329028580932
12.461270364593936	1.1390620980388966
12.473561760405753	1.1391915420129228
12.485833679452737	1.1393212379587618
12.498086334536465	1.1394511838188153
12.510319621308916	1.1395813817368599
12.52253368679776	1.1397118304970573
12.534728478574712	1.1398425315590752
12.546904101792308	1.1399734842555285
12.559060536453044	1.1401046896086937
12.571197861127558	1.140236147297484
12.583316076320882	1.1403678580657746
12.595415243533958	1.1404998218142657
12.607495376073887	1.1406320391079448
12.619556524756911	1.140764509988275
12.631598710692876	1.1408972349087445
12.643621977693673	1.1410302139985422
12.655626351709452	1.1411634476386279
12.66761187216073	1.1412969360142786
12.679578567675573	1.1414306794618867
12.691526474950642	1.1415646781994333
12.703455624157684	1.1416989325367104
12.715366050227942	1.1418334427120769
12.727257784027152	1.1419682090191026
12.739130859136583	1.1421032317071478
12.750985306862008	1.1422385110579742
12.762821160057204	1.1423740473291393
12.77463844982472	1.142509840797505
12.786437208486177	1.1426458917215156
12.79821746716835	1.1427822003752404
12.809979257517332	1.1429187670206042
12.821722610362002	1.1430555919271401
12.83344755702096	1.1431926753564834
12.845154128256315	1.1433300175775605
12.856842354701588	1.1434676188543862
12.86851226706829	1.1436054794510255
12.880163895611846	1.143743599634033
12.891797270688215	1.143881979666134
12.90341242206637	1.1440206198127911
12.915009379907751	1.1441595203340094
12.926588173983987	1.1442986814960037
12.938148833745556	1.1444381035618623
12.949691388690816	1.1445777867923141
12.961215868131283	1.1447177314501609
12.972722301294143	1.1448579377974442
12.984210716827317	1.1449984060966756
12.995681144116718	1.145139136604764
13.007133611551172	1.1452801295891288
13.018568147913282	1.1454213853064354
13.029984781284668	1.145562904019644
13.04138354020135	1.1457046859844917
13.05276445250363	1.1458467314637804
13.064127546742078	1.1459890407130864
13.075472850165399	1.146131613998297
13.08680039106754	1.1462744515704044
13.09811019651509	1.1464175536949424
13.10940229422302	1.146560920623372
13.12067671156684	1.14670455261673
13.131933475478235	1.1468484499331577
13.143172613301257	1.1469926128265013
13.154394151826708	1.1471370415572557
13.165598117709381	1.147281736380195
13.176784537787897	1.1474266975496767
13.187953438638589	1.1475719253237844
13.199104846460212	1.1477174199585645
13.210238787620066	1.1478631817064726
13.22135528841315	1.1480092108234814
13.23245437473664	1.1481555075659569
13.243536072378808	1.1483020721863526
13.254600407364743	1.1484489049369702
13.26564740505218	1.1485960060745537
13.276677091330928	1.1487433758482766
13.287689491416762	1.148891014515687
13.298684630690554	1.1490389223266169
13.309662534336514	1.1491870995343716
13.320623227336501	1.1493355463908823
13.33156673477663	1.1494842631465985
13.342493081453947	1.149633250054636
13.353402292025875	1.149782507365436
13.364294391151773	1.1499320353287623
13.37516940343696	1.150081834195635
13.386027353022785	1.150231904217571
13.396868264481721	1.150382245640901
13.407692161712493	1.1505328587191304
13.418499069015581	1.1506837436976283
13.429289010237845	1.1508349008285501
13.440062009228534	1.1509863303589238
13.450818089671317	1.1511380325369867
13.461557275237285	1.1512900076098234
13.472279589615676	1.1514422558255135
13.482985056023587	1.1515947774335804
13.49367369788454	1.1517475726779987
13.504345538349503	1.1519006418068298
13.515000600705248	1.1520539850653915
13.525638907709528	1.1522076027021013
13.536260482501232	1.1523614949588912
13.5468653478142	1.1525156620843249
13.557453526364311	1.152670104322235
13.568025040780027	1.1528248219173036
13.578579913643964	1.1529798151140516
13.589118167326482	1.1531350841574413
13.599639824248218	1.1532906292904206
13.610144906510897	1.153446450757776
13.620633436394384	1.1536025488006643
13.631105435833096	1.1537589236639691
13.641560926890195	1.153915575588512
13.65199993146738	1.1540725048181102
13.662422471271544	1.1542297115952411
13.672828567946175	1.1543871961605134
13.683218243118544	1.1545449587546228
13.693591518299613	1.1547029996190699
13.703948414925033	1.1548613189946377
13.714288954429794	1.1550199171220032
13.72461315776705	1.1551787942428808
13.734921046443565	1.1553379505926034
13.745212641280306	1.1554973864160534
13.755487963302485	1.1556571019485522
13.765747033531794	1.155817097429577
13.775989872675146	1.1559773730995733
13.786216501435126	1.1561379291950815
13.796426940572776	1.1562987659535553
13.806621210589064	1.1564598836143674
13.816799331952048	1.1566212824137834
13.826961325119916	1.1567829625885213
13.8371072104035	1.1569449243761225
13.847237008008689	1.1571071680127583
13.857350738128321	1.157269693733885
13.867448420840617	1.1574325017757094
13.877530076223604	1.157595592373553
13.887595724036858	1.157758965763692
13.897645384274169	1.157922622178185
13.907679076725355	1.1580865618538296
13.917696821016525	1.1582507850250527
13.92769863674446	1.158415291924531
13.937684543550487	1.1585800827853734
13.947654560821343	1.1587451578423495
13.957608707991024	1.1589105173269432
13.96754700444045	1.159076161472325
13.977469469397906	1.1592420905116985
13.98737612192774	1.1594083046766275
13.99726698130484	1.159574804196813
14.007142066488257	1.1597415893063858
14.017001396448933	1.1599086602350552
14.026844990088723	1.1600760172136035
14.036672866160064	1.1602436604725206
14.046485043615254	1.1604115902406185
14.056281540921457	1.160579806751
14.066062376906856	1.1607483102293235
14.075827570028718	1.160917100908303
14.08557713871186	1.1610861790151277
14.095311101498618	1.1612555447772563
14.105029476613185	1.1614251984250366
14.114732282455453	1.1615951401841187
14.124419537259827	1.1617653702840538
14.134091258953287	1.1619358889523381
14.143747465955968	1.1621066964118665
14.153388176008539	1.1622777928950612
14.163013407355848	1.1624491786231457
14.172623177587848	1.1626208538271037
14.182217504840963	1.1627928187270609
14.19179640665622	1.1629650735537074
14.201359900860371	1.1631376185278675
14.210908005089765	1.163310453876283
14.22044073695193	1.1634835798230623
14.229958113969056	1.1636569965925772
14.23946015364478	1.1638307044084306
14.248946873281225	1.1640047034946677
14.258418290376785	1.1641789940724123
14.267874422100807	1.1643535763671613
14.27731528582073	1.1645284505991218
14.286740898512688	1.1647036169929192
14.296151277466967	1.1648790757666774
14.30554643963805	1.1650548271451062
14.314926402120298	1.1652308713474073
14.32429118179912	1.1654072085961409
14.333640795649686	1.1655838391106856
14.342975260452766	1.1657607631128468
14.352294592991024	1.1659379808214907
14.361598809974481	1.1661154924562376
14.37088792811529	1.1662932982360457
14.380161963965886	1.1664713983806345
14.389420934127102	1.166649793107376
14.398664855204165	1.1668284826352768
14.407893743448662	1.1670074671841497
14.417107615481223	1.1671867469676576
14.426306487507523	1.1673663222073185
14.435490375899546	1.1675461931172775
14.444659296850121	1.1677263599156058
14.453813266676493	1.167906822817551
14.462952301374981	1.1680875820414944
14.472076417167903	1.1682686378001628
14.481185630001075	1.1684499903114212
14.490279955909504	1.1686316397883205
14.499359410847212	1.1688135864463423
14.508424010739818	1.1689958305000179
14.517473771369536	1.1691783721639692
14.526508708631948	1.1693612116505827
14.535528838231654	1.1695443491751834
14.544534175857205	1.1697277849498822
14.553524737184857	1.169911519187096
14.562500537847313	1.1700955520996281
14.571461593321805	1.1702798839000303
14.58040791918994	1.1704645147982868
14.589339530906045	1.1706494450071503
14.598256443949854	1.1708346747373746
14.607158673623532	1.1710202042008615
14.616046235357397	1.1712060336064352
14.62491914430665	1.1713921631662019
14.633777415836693	1.1715785930871154
14.642621065115213	1.17176532358114
14.651450107274705	1.1719523548566881
14.6602645574778	1.1721396871220158
14.669064430750915	1.1723273205866103
14.677849742071658	1.1725152554576521
14.686620506531115	1.1727034919418515
14.695376738975526	1.1728920302489318
14.704118454454525	1.1730808705839395
14.712845667689713	1.1732700131568794
14.721558393545214	1.1734594581712399
14.73025664679469	1.1736492058341499
14.738940442153993	1.1738392563513376
14.747609794338466	1.1740296099278251
14.75626471802208	1.1742202667691761
14.76490522772246	1.1744112270806013
14.773531338120506	1.1746024910644022
14.78214306373063	1.1747940589270323
14.790740419046502	1.174985930871805
14.799323418467225	1.175178107102104
14.807892076456175	1.175370587819724
14.816446407389629	1.1755633732284263
14.824986425606392	1.1757564635305449
14.833512145416796	1.1759498589280888
14.842023581060966	1.176143559622941
14.850520746754613	1.1763375658159014
14.859003656767523	1.1765318777077196
14.867472325146908	1.176726495500894
14.875926766145625	1.176921419393324
14.884366993678757	1.1771166495881364
14.89279302187911	1.177312186281162
14.901204864771268	1.177508029673747
14.909602536305067	1.177704179965229
14.91798605043178	1.1779006373536893
14.926355421042288	1.1780974020377215
14.934710661989776	1.178294474214981
14.943051787127642	1.178491854082707
14.95137881023091	1.1786895418386139
14.959691745075219	1.1788875376790278
14.967990605355098	1.1790858418007502
14.976275404827298	1.1792844543991055
14.984546157144088	1.1794833756713654
14.992802875925115	1.1796826058127556
15.00104557478469	1.179882145018163
15.009274267232236	1.1800819934827915
15.017488966863441	1.1802821513997421
15.025689687135925	1.1804826189646498
15.033876441554941	1.1806833963702235
15.042049243498687	1.180884483810767
15.050208106431755	1.1810858814778924
15.058353043685672	1.1812875895657622
15.066484068593255	1.1814896082656774
15.074601194530258	1.1816919377693806
15.082704434693994	1.181894578270103
15.09079380243482	1.1820975299570358
15.098869310830993	1.1823007930236065
15.106930973186707	1.1825043676568132
15.114978802632665	1.1827082540497353
15.123012812282226	1.182912452391483
15.131033015233182	1.1831169628711105
15.139039424599096	1.1833217856776643
15.147032053366562	1.1835269210009844
15.155010914582704	1.1837323690280428
15.162976021212618	1.1839381299477412
15.170927386214998	1.1841442039472458
15.17886502253244	1.1843505912139274
15.186788943062306	1.1845572919351102
15.194699160658697	1.1847643062973097
15.202595688208907	1.1849716344862709
15.21047853849092	1.1851792766889697
15.218347724304946	1.1853872330898674
15.226203258371784	1.1855955038743569
15.234045153544125	1.185804089226075
15.241873422412239	1.1860129893325118
15.249688077716204	1.1862222043745185
15.25748913211447	1.18643173453727
15.265276598238762	1.1866415800040997
15.27305048864487	1.1868517409579553
15.280810816005824	1.1870622175800563
15.288557592764699	1.1872730100551223
15.29629083157406	1.187484118561955
15.304010544794162	1.1876955432853733
15.311716745026134	1.1879072844025287
15.319409444673257	1.188119342097474
15.327088656203854	1.1883317165491458
15.33475439198578	1.1885444079385747
15.34240666439389	1.1887574164443127
15.350045485850778	1.188970742245394
15.357670868604377	1.1891843855224855
15.365282825027439	1.1893983464516629
15.372881367368894	1.1896126252127799
15.380466507952345	1.1898272219824975
15.388038258939524	1.1900421369398655
15.395596632568676	1.1902573702596273
15.403141641062755	1.1904729221189596
15.410673296617217	1.1906887926948815
15.418191611293869	1.1909049821639015
15.425696597305082	1.1911214906989487
15.433188266737735	1.1913383184775386
15.440666631672254	1.1915554656738352
15.4481317041873	1.191772932462063
15.455583496300227	1.1919907190166463
15.46302202000113	1.1922088255104681
15.470447287387106	1.192427252115846
15.477859310333187	1.1926459990084866
15.485258100850574	1.192865066357799
15.492643670856996	1.1930844543374328
15.500016032287805	1.1933041631185062
15.50737519698724	1.1935241928728852
15.514721176885402	1.1937445437699368
15.522053983868359	1.1939652159818128
15.529373629680945	1.1941862096795774
15.536680126193056	1.1944075250302433
15.543973485178938	1.1946291622048002
15.551253718428411	1.194851121371551
15.558520837685718	1.1950734026994714
15.565774854724292	1.1952960063563463
15.57301578119663	1.1955189325110507
15.580243628900545	1.195742181328934
15.587458409418646	1.1959657529800118
15.594660134469981	1.196189647627838
15.601848815662914	1.1964138654403647
15.609024464702005	1.1966384065822846
15.616187093093616	1.1968632712214724
15.623336712513947	1.1970884595197673
15.630473334507855	1.1973139716445016
15.637596970592133	1.1975398077590476
15.644707632347645	1.1977659680260366
15.6518053313054	1.1979924526102876
15.658890078935361	1.1982192616751985
15.665961886731065	1.1984463953823645
15.673020766151625	1.1986738538942754
15.680066728678401	1.1989016373724575
15.687099785747124	1.1991297459792967
15.6941199487555	1.199358179875846
15.70112722909086	1.1995869392220513
15.708121638212061	1.1998160241776434
15.715103187424281	1.2000454349048235
15.722071888081699	1.2002751715608837
15.729027751610024	1.2005052343048295
15.735970789229869	1.2007356232981572
15.742901012288005	1.2009663386956888
15.749818432083467	1.201197380656525
15.756723059884973	1.2014287493382918
15.7636149069496	1.2016604448977026
15.770493984521538	1.2018924674911755
15.777360303888575	1.202124817274786
15.784213876199178	1.2023574944061826
15.791054712696443	1.2025904990383829
15.79788282453547	1.2028238313276929
15.804698222942006	1.2030574914275034
15.81150091901116	1.203291479493698
15.818290923964604	1.2035257956777523
15.825068248889885	1.2037604401355653
15.831832904894062	1.2039954130184805
15.838584903146568	1.204230714478566
15.84532425464255	1.2044663446701263
15.852050970546285	1.204702303741441
15.858765061870647	1.2049385918467501
15.86546653970228	1.20517520913504
15.872155415064004	1.2054121557579323
15.878831698997502	1.2056494318648405
15.885495402466276	1.205887037605884
15.892146536539046	1.2061249731284285
15.898785112118214	1.2063632385836252
15.905411140253635	1.206601834116699
15.912024631902984	1.2068407598781863
15.918625597973135	1.2070800160153392
15.925214049435448	1.2073196026735793
15.931789997213489	1.2075595200006735
15.938353452215773	1.2077997681426664
15.944904425362841	1.2080403472450556
15.951442927508179	1.208281257453782
15.957968969544511	1.208522498912317
15.964482562402273	1.208764071765564
15.970983716857504	1.2090059761598286
15.97747244379783	1.2092482122356727
15.983948754059742	1.2094907801377814
15.990412658450296	1.209733680008921
15.9968641677752	1.2099769119907262
16.00330329286138	1.2102204762247468
16.009730044493665	1.2104643728533033
16.016144433458635	1.210708602017093
16.0225464705145	1.210953163856838
16.028936166433343	1.211198058512136
16.035313531964533	1.2114432861230668
16.041678577837594	1.2116888468287899
16.04803131480284	1.2119347407676448
16.054371753568947	1.2121809680787157
16.06069990484877	1.2124275288994153
16.067015779378853	1.2126744233672497
16.073319387781083	1.2129216516205865
16.07961074080744	1.2131692137932308
16.085889849095828	1.213417110024009
16.092156723304676	1.2136653404471884
16.09841137411416	1.2139139051977497
16.104653812173705	1.2141628044114512
16.110884048090835	1.2144120382227437
16.117102092516998	1.2146616067643037
16.12330795607357	1.2149115101704624
16.129501649366187	1.215161748574246
16.135683183002687	1.215412322107938
16.141852567574272	1.215663230903798
16.14800981367846	1.2159144750932958
16.15415493188011	1.2161660548080402
16.160287932741973	1.2164179701781834
16.16640882686496	1.2166702213336575
16.172517624764023	1.2169228084058388
16.178614337031384	1.217175731522426
16.184698974152745	1.2174289908141742
16.19077154668994	1.217682586407275
16.196832065181106	1.2179365184309336
16.20288054012487	1.2181907870132282
16.208916982027798	1.2184453922804237
16.21494140139829	1.2187003343589546
16.220953808741747	1.2189556133751702
16.22695421453862	1.21921122945513
16.232942629269235	1.219467182723663
16.238919063427435	1.2197234733054156
16.24488352746557	1.2199801013254379
16.250836031847427	1.2202370669068179
16.256776587034867	1.2204943701729443
16.262705203467323	1.220752011246934
16.26862189159606	1.2210099902507368
16.274526661855163	1.2212683073066155
16.28041952467873	1.2215269625358838
16.286300490485328	1.2217859560596471
16.2921695697035	1.2220452879981183
16.298026772764633	1.2223049584717338
16.303872110041983	1.2225649676008443
16.309705591954067	1.222825315502996
16.31552722888929	1.2230860022975136
16.321337031256324	1.2233470281021497
16.327135009409236	1.22360839303533
16.332921173751217	1.2238700972127838
16.338695534669245	1.2241321407522059
16.344458102501303	1.2243945237703202
16.350208887641784	1.224657246381369
16.355947900438867	1.2249203087019032
16.361675151236113	1.2251837108461077
16.367390650420656	1.2254474529276824
16.373094408295614	1.225711535062068
16.37878643522669	1.225975957360553
16.384466741545214	1.2262407199370395
16.390135337576442	1.2265058229035548
16.395792233667567	1.2267712663715526
16.401437440125235	1.2270370504532244
16.407070967266804	1.2273031752585646
16.41269282542386	1.2275696408977645
16.41830302490777	1.2278364474813879
16.423901576026058	1.2281035951187356
16.429488489048246	1.2283710839186128
16.435063774328533	1.2286389139876832
16.440627442129724	1.2289070854363466
16.446179502752656	1.2291755983702939
16.451719966499727	1.2294444528967092
16.457248843644443	1.2297136491225231
16.462766144452168	1.2299831871529245
16.46827187923899	1.2302530670923524
16.47376605827016	1.230523289047379
16.479248691803363	1.2307938531217415
16.48471979013599	1.2310647594184374
16.490179363514393	1.2313360080420641
16.495627422206997	1.2316075990943276
16.5010639764642	1.2318795326776533
16.50648903656645	1.2321518088931884
16.51190261276207	1.2324244278432055
16.51730471531195	1.2326973896279847
16.522695354467512	1.2329706943480474
16.52807454046985	1.2332443421030441
16.53344228358297	1.2335183329917008
16.53879859403672	1.2337926671135067
16.544143482083058	1.2340673445658
16.549476957940332	1.2343423654466357
16.55479903188529	1.2346177298519192
16.56010971413092	1.2348934378801493
16.5654090149075	1.2351694896261045
16.57069694446802	1.2354458851850176
16.575973513029783	1.2357226246528723
16.581238730829917	1.2359997081233487
16.586492608087678	1.2362771356907158
16.591735155060622	1.2365549074478506
16.596966381921245	1.236833023489203
16.60218629894282	1.237111483904249
16.607394916325905	1.2373902887873514
16.612592244290678	1.2376694382285356
16.617778293081187	1.2379489323183905
16.622953072894326	1.238228771148315
16.628116593961828	1.2385089548066812
16.633268866509	1.2387894833832498
16.638409900743376	1.2390703569669457
16.643539706869756	1.239351575645224
16.64865829511661	1.2396331395048776
16.653765675696313	1.2399150486334853
16.65886185883363	1.2401973031172293
16.663946854738747	1.2404799030424574
16.6690206736252	1.2407628484941857
16.67408332571836	1.2410461395570853
16.679134821218256	1.2413297763159536
16.68417517034952	1.2416137588536296
16.68920438330164	1.241898087253786
16.69422247031987	1.24218276159756
16.699229441597264	1.2424677819686862
16.7042253073531	1.242753148447383
16.70921007780932	1.243038861114787
16.714183763173416	1.2433249200516208
16.7191463736621	1.2436113253372028
16.724097919483164	1.2438980770507961
16.729038410878246	1.2441851752705613
16.73396785803087	1.2444726200760303
16.73888627117893	1.2447604115427604
16.74379366053001	1.2450485497488686
16.748690036312958	1.2453370347700954
16.7535754087259	1.245625866682815
16.75844978801354	1.245915045560969
16.763313184377328	1.2462045714806274
16.768165608059494	1.2464944445146668
16.77300706926458	1.2467846647377556
16.77783757822524	1.247075232221671
16.782657145163707	1.2473661470392232
16.787465780313756	1.2476574092619463
16.792263493892296	1.2479490189614142
16.797050296139915	1.248240976207515
16.801826197284694	1.2485332810709062
16.806591207543494	1.248825933620812
16.811345337184544	1.2491189339250823
16.81608859641941	1.2494122820540423
16.820820995481203	1.2497059780738404
16.82554254461397	1.2500000220512473
16.830253254057364	1.250294414053009
16.834953134062285	1.250589154144892
16.839642194854513	1.2508842423926532
16.844320446714626	1.2511796788597511
16.848987899864976	1.251475463612371
16.853644564559083	1.2517715967122955
16.85829045106347	1.2520680782225322
16.86292556962458	1.2523649082061798
16.867549930494704	1.2526620867243086
16.872163543948208	1.2529596138376018
16.876766420235377	1.253257489607404
16.881358569626087	1.2535557140927411
16.885940002382647	1.2538542873531298
16.890510728778793	1.2541532094468173
16.895070759090476	1.254452480432009
16.8996201036007	1.2547521003662663
16.904158772565317	1.2550520693068223
16.90868677629134	1.2553523873083126
16.913204125048853	1.2556530544279438
16.917710829130616	1.2559540707196657
16.92220689881434	1.2562554362381102
16.926692344422722	1.2565571510360745
16.931167176217016	1.2568592151685425
16.93563140452299	1.2571616286855265
16.940085039631217	1.2574643916405395
16.944528091848532	1.2577675040838656
16.948960571483607	1.2580709660660299
16.95338248885891	1.2583747776368168
16.957793854287342	1.2586789388460877
16.962194678086963	1.2589834497421724
16.96658497057938	1.2592883103728687
16.970964742095312	1.2595935207853266
16.975334002972062	1.2598990810264334
16.979692763542975	1.2602049911426345
16.98404103413861	1.260511251179192
16.988378825104743	1.2608178611802512
16.992706146791832	1.2611248211901027
16.997023009547263	1.2614321312524415
17.001329423726183	1.2617397914098094
17.00562539968991	1.2620478017043562
17.009910947804357	1.2623561621777244
17.01418607843759	1.2626648728709318
17.018450801943494	1.2629739338241917
17.022705128717835	1.2632833450757146
17.026949069130374	1.2635931066657695
17.031182633576474	1.2639032186317583
17.035405832437334	1.2642136810119593
17.039618676111413	1.2645244938426203
17.043821174993866	1.2648356571602508
17.048013339480246	1.265147171000108
17.05219517999841	1.2654590353964559
17.056366706947	1.2657712503849394
17.060527930747906	1.2660838159979992
17.064678861818265	1.266396732268772
17.068819510585158	1.266709999228992
17.072949887481535	1.2670236169100881
17.07707000295062	1.2673375853428746
17.08117986742169	1.2676519045578827
17.085279491352384	1.2679665745835045
17.08936888519272	1.2682815954492186
17.093448059391253	1.2685969671828348
17.097517024426146	1.26891268981095
17.10157579076279	1.2692287633613495
17.105624368861648	1.269545187859726
17.109662769221494	1.2698619633302621
17.11369100230269	1.2701790897990142
17.117709078611643	1.2704965672878932
17.121717008641586	1.2708143958212887
17.125714802893405	1.2711325754214118
17.12970247186605	1.271451106109926
17.13368002608853	1.2717699879071742
17.137647476059847	1.2720892208347354
17.141604832309437	1.2724088049106062
17.145552105373724	1.2727287401540386
17.149489305781827	1.273049026583664
17.15341644408159	1.2733696642163232
17.157333530810828	1.2736906530691718
17.16124057654564	1.2740119931573302
17.165137591818212	1.2743336844978388
17.16902458720892	1.2746557271028953
17.17290157328747	1.274978120987428
17.176768560621166	1.2753008661642413
17.18062555981387	1.27562396264468
17.184472581442954	1.2759474104418795
17.18830963611008	1.2762712095654936
17.19213673441695	1.2765953600259312
17.195953886978852	1.2769198618323223
17.199761104405354	1.2772447149936548
17.203558397330124	1.2775699195171268
17.207345776366058	1.2778954754106842
17.211123252164466	1.2782213826791728
17.2148908353595	1.2785476413294108
17.218648536614708	1.2788742513654063
17.222396366564777	1.2792012127923713
17.226134335891	1.2795285256116546
17.229862455254025	1.2798561898273066
17.233580735330822	1.2801842054402082
17.237289186813292	1.2805125724512911
17.240987820384202	1.280841290861424
17.244676646746225	1.281170360669274
17.248355676605463	1.2814997818738707
17.252024920671726	1.2818295544731448
17.25568438966474	1.2821596784639369
17.25933409431137	1.2824901538425506
17.262974045345825	1.2828209806044961
17.26660425351285	1.2831521587445045
17.270224729554585	1.2834836882568124
17.273835484230077	1.2838155691339543
17.277436528299205	1.2841478013685388
17.281027872537646	1.2844803849517703
17.284609527720903	1.2848133198748217
17.288181504637745	1.2851466061273538
17.291743814081627	1.285480243698752
17.2952964668495	1.2858142325773256
17.298839473750743	1.286148572750183
17.302372845608794	1.2864832642040631
17.30589659323969	1.286818306925494
17.309410727481186	1.2871537008987493
17.312915259169895	1.2874894461086028
17.316410199150194	1.287825542538151
17.319895558285825	1.2881619901696486
17.32337134743728	1.288498788985625
17.326837577473473	1.2888359389667015
17.33029425927619	1.289173440092702
17.333741403734635	1.2895112923430845
17.337179021742845	1.2898494956964055
17.34060712420416	1.2901880501300589
17.344025722032818	1.2905269556207042
17.347434826149993	1.2908662121444228
17.350834447479844	1.2912058196763185
17.354224596962283	1.291545778190116
17.3576052855393	1.2918860876594245
17.36097652416903	1.2922267480563674
17.36433832381079	1.2925677593529885
17.367690695437716	1.292909121519738
17.371033650028725	1.2932508345267413
17.374367198567423	1.293592898342981
17.377691352055958	1.2939353129361704
17.38100612149481	1.2942780782741712
17.38431151790206	1.294621194322911
17.387607552296	1.2949646610483607
17.39089423571023	1.2953084784147302
17.3941715791791	1.295652646386027
17.397439593755372	1.2959971649245299
17.4006982904957	1.2963420339926326
17.403947680470218	1.296687253551318
17.407187774745513	1.2970328235611595
17.410418584410063	1.2973787439805036
17.413640120554604	1.2977250147681705
17.4168523942816	1.2980716358813544
17.420055416710703	1.2984186072766313
17.42324919895148	1.298765928910547
17.426433752132503	1.2991136007366566
17.429609087397555	1.2994616227086586
17.432775215891596	1.299809994779995
17.435932148775258	1.300158716902307
17.439079897210878	1.3005077890270162
17.442218472373064	1.3008572111037797
17.445347885448907	1.301206983081645
17.448468147633083	1.3015571049090746
17.451579270126842	1.3019075765333934
17.454681264138276	1.3022583979006643
17.45777414089649	1.3026095689557051
17.460857911630285	1.302961089643689
17.46393258758108	1.3033129599077273
17.466998180000616	1.303665179690323
17.47005470015117	1.3040177489331046
17.47310215929834	1.3043706675768483
17.47614056872747	1.3047239355606322
17.479169939717824	1.305077552823733
17.48219028357505	1.3054315193026147
17.485201611611572	1.3057858349347038
17.488203935135832	1.3061404996561061
17.491197265491802	1.3064955134003176
17.494181613999235	1.3068508761028854
17.4971569920211	1.3072065876943244
17.50012341090654	1.3075626481081166
17.503080882022772	1.3079190572739152
17.506029416751637	1.3082758151213365
17.50896902647659	1.3086329215795534
17.511899722608156	1.3089903765757132
17.514821516544647	1.309348180038027
17.51773441969999	1.3097063318909747
17.520638443511057	1.310064832058679
17.523533599409365	1.310423680465815
17.52641989884746	1.3107828770341206
17.529297353282576	1.3111424216856398
17.532165974181645	1.3115023143406972
17.535025773026216	1.3118625549185061
17.537876761304524	1.3122231433377813
17.540718950522212	1.312584079515736
17.54355235217591	1.3129453633694308
17.54637697780329	1.3133069948124068
17.549192838920895	1.3136689737610534
17.55199994707403	1.3140313001266664
17.554798313817393	1.314393973821816
17.557587950714197	1.3147569947578694
17.560368869333047	1.3151203628448656
17.563141081258447	1.3154840779910943
17.56590459808647	1.315848140104456
17.568659431417146	1.3162125490918977
17.571405592870487	1.3165773048583969
17.574143094066528	1.316942407309071
17.576871946651313	1.3173078563465255
17.579592162263687	1.3176736518743075
17.58230375256454	1.3180397937924613
17.58500672921927	1.3184062820014306
17.58770110391353	1.3187731163996999
17.590386888330357	1.3191402968859163
17.593064094176807	1.3195078233557733
17.595732733160112	1.3198756957056341
17.59839281700978	1.320243913829263
17.60104435745284	1.3206124776208545
17.603687366234748	1.3209813869716085
17.606321855114214	1.321350641772611
17.60894783585484	1.3217202419141176
17.61156532023402	1.322090187284375
17.614174320048498	1.3224604777708557
17.61677484708376	1.322831113261048
17.61936691316428	1.3232020936380995
17.621950530100754	1.3235734187879546
17.624525709730587	1.3239450885918225
17.627092463900173	1.3243171029319565
17.629650804464156	1.3246894616891165
17.63220074328677	1.3250621647424468
17.634742292247328	1.3254352119696553
17.637275463231138	1.3258086032478078
17.639800268146313	1.326182338451989
17.64231671889826	1.3265564174577762
17.644824827410577	1.3269308401374595
17.64732460561811	1.3273056063631208
17.649816065467224	1.3276807160056037
17.65229921891305	1.3280561689345447
17.65477407792787	1.3284319650179492
17.657240654485207	1.3288081041234494
17.659698960576314	1.3291845861158857
17.66214900821333	1.3295614108597924
17.6645908093976	1.3299385782199007
17.667024376164882	1.3303160880562523
17.669449720546787	1.330693940231152
17.671866854592924	1.331072134603207
17.67427579036227	1.3314506710307454
17.676676539930327	1.3318295493704664
17.6790691153757	1.3322087694785596
17.681453528798947	1.3325883312085762
17.68382979230336	1.3329682344144045
17.686197918005988	1.3333484789472139
17.688557918040786	1.3337290646571907
17.69090980454637	1.3341099913940455
17.693253589676893	1.3344912590050342
17.695589285597546	1.3348728673367005
17.697916904483897	1.3352548162341416
17.70023645852881	1.3356371055408884
17.70254795992478	1.3360197351000378
17.70485142089159	1.3364027047513283
17.70714685364836	1.3367860143357024
17.709434270434492	1.337169663690668
17.711713683495923	1.3375536526537726
17.713985105093826	1.3379379810603003
17.71624854749472	1.3383226487447197
17.71850402299197	1.3387076555390025
17.72075154386653	1.3390930012762725
17.722991122439574	1.339478685784099
17.725222771021482	1.3398647088934887
17.72744650194689	1.3402510704301345
17.729662327558568	1.340637770220426
17.73187026020867	1.3410248080886662
17.734070312268933	1.3414121838572688
17.73626249611838	1.341799897348538
17.73844682414544	1.3421879483825085
17.740623308752767	1.3425763367772992
17.74279196235835	1.3429650623499485
17.744952797391406	1.343354124916622
17.74710582628654	1.343743524291869
17.74925106149814	1.3441332602875526
17.751388515488372	1.3445233327154367
17.75351820073451	1.3449137413850107
17.75564012972832	1.3453044861048085
17.757754314963428	1.3456955666823003
17.75986076895551	1.3460869829215483
17.76195950422708	1.346478734626918
17.76405053332064	1.3468708216002607
17.766133868780233	1.3472632436433576
17.768209523165428	1.3476560005544556
17.770277509058314	1.3480490921308679
17.772337839037675	1.3484425181703137
17.774390525702096	1.3488362784660048
17.776435581663492	1.349230372811014
17.778473019546606	1.3496248009970522
17.78050285198104	1.350019562814361
17.782525091616506	1.3504146580501541
17.78453975111483	1.3508100864915633
17.7865468431462	1.351205847924089
17.7885463803936	1.3516019421308472
17.790538375556384	1.3519983688934254
17.792522841339224	1.3523951279925863
17.79449979046783	1.352792219206062
17.796469235673122	1.353189642311678
17.79843118970602	1.3535873970841794
17.80038566531937	1.3539854832981988
17.802332675286674	1.3543839007245881
17.804272232388843	1.3547826491342003
17.806204349424846	1.3551817282951935
17.80812903920333	1.3555811379752
17.810046314540664	1.3559808779396005
17.811956188274547	1.356380947951091
17.81385867324717	1.3567813477725106
17.81575378231726	1.357182077163321
17.817641528357246	1.3575831358821087
17.819521924249024	1.3579845236859986
17.821394982887362	1.358386240329736
17.823260717180247	1.3587882855663986
17.825119140047693	1.3591906591474627
17.826970264425103	1.3595933608225381
17.82881410325456	1.3599963903400891
17.83065066949499	1.3603997474455323
17.83247997611794	1.3608034318834308
17.834302036104994	1.3612074433965788
17.836116862453288	1.3616117817254105
17.837924468169955	1.3620164466092168
17.83972486627616	1.3624214377848975
17.841518069803776	1.3628267549878517
17.843304091797943	1.3632323979512229
17.845082945318136	1.363638366406461
17.846854643433435	1.3640446600835592
17.848619199228672	1.364451278709969
17.850376625801154	1.3648582220119914
17.852126936256038	1.3652654897140257
17.853870143716687	1.3656730815374796
17.85560626131293	1.3660809972031598
17.857335302194173	1.366489236428529
17.859057279518446	1.366897798930765
17.860772206458396	1.3673066844241837
17.862480096194684	1.3677158926216415
17.86418096192608	1.3681254232329458
17.865874816860114	1.3685352759672629
17.86756167421829	1.3689454505308651
17.869241547235067	1.3693559466283738
17.870914449156857	1.3697667639625053
17.87258039324308	1.3701779022338179
17.874239392765844	1.3705893611409563
17.875891461008976	1.3710011403805695
17.877536611267736	1.371413239647053
17.879174856855194	1.3718256586324662
17.880806211089922	1.3722383970281218
17.882430687308368	1.372651454521488
17.884048298857255	1.3730648307992874
17.885659059095953	1.373478525545572
17.88726298139621	1.37389253844231
17.888860079143814	1.3743068691693061
17.890450365734452	1.374721517404625
17.892033854581825	1.3751364828235013
17.893610559104506	1.3755517651004516
17.895180492739197	1.3759673639058239
17.896743668934032	1.3763832789092583
17.898300101147097	1.376799509777927
17.899849802853133	1.377216056176116
17.901392787535098	1.3776329177670097
17.902929068693357	1.378050094210417
17.9044586598348	1.3784675851652368
17.905981574486326	1.3788853902865026
17.907497826178496	1.3793035092290404
17.90900742846199	1.3797219416429862
17.9105103948963	1.3801406871782937
17.912006739051378	1.3805597454816134
17.913496474516563	1.3809791161967238
17.914979614886388	1.3813987989670202
17.916456173771902	1.381818793431532
17.91792616479682	1.3822390992280855
17.919389601594368	1.3826597159922223
17.920846497812448	1.3830806433562748
17.92229686711167	1.3835018809508384
17.923740723162215	1.3839234284041972
17.925178079650145	1.3843452853414036
17.926608950272517	1.3847674513860964
17.92803334873896	1.3851899261590752
17.92945128877096	1.3856127092787496
17.93086278410282	1.38603580036091
17.9322678484821	1.386459199019009
17.933666495664873	1.38688290486428
17.93505873942528	1.3873069175042998
17.93644459354402	1.3877312365458594
17.93782407182007	1.3881558615914669
17.939197188058184	1.3885807922429092
17.940563956082183	1.38900602809741
17.941924389723123	1.3894315687517123
17.94327850282694	1.3898574137984099
17.944626309249365	1.39028356282831
17.945967822861846	1.3907100154288294
17.94730305754486	1.3911367711858504
17.948632027192726	1.391563829681598
17.949954745712386	1.39199119049615
17.951271227021167	1.3924188532070492
17.9525814850499	1.3928468173885649
17.953885533740703	1.3932750826126896
17.955183387049512	1.3937036484484058
17.956475058942324	1.3941325144625136
17.95776056339775	1.3945616802183767
17.959039914408482	1.394991145276751
17.960313125978093	1.3954209091962737
17.961580212118932	1.3958509715323844
17.962841186861827	1.3962813318365892
17.964096064244725	1.3967119896597426
17.96534485831829	1.3971429445481827
17.96658758314633	1.3975741960456132
17.96782425280475	1.3980057436932536
17.969054881379474	1.3984375870294623
17.970279482970938	1.3988697255890092
17.971498071688558	1.399302158904627
17.972710661657146	1.3997348865050605
17.973917267010457	1.4001679079173224
17.97511790189511	1.4006012226643956
17.976312580471035	1.4010348302666138
17.97750131690709	1.4014687302418223
17.97868412538638	1.4019029221037806
17.97986102010191	1.4023374053640778
17.981032015258986	1.402772179530539
17.98219712507662	1.4032072441080903
17.983356363782335	1.403642598599281
17.984509745616897	1.4040782425023353
17.985657284832453	1.4045141753129038
17.986798995694382	1.404950396523356
17.987934892477163	1.4053869056234842
17.989064989468552	1.4058237020989088
17.990189300966403	1.4062607854326683
17.99130784128098	1.406698155103982
17.9924206247341	1.4071358105891374
17.99352766565869	1.4075737513611397
17.994628978400204	1.4080119768895427
17.995724577313535	1.4084504866409886
17.99681447676708	1.4088892800779742
17.997898691138815	1.4093283566604609
17.998977234819424	1.409767715844289
18.000050122210194	1.4102073570824372
18.001117367723946	1.4106472798241516
18.00217898578425	1.411087483515319
18.003234990826797	1.4115279675981323
18.004285397298183	1.4119687315116474
18.00533021965389	1.4124097746912754
18.006369472364735	1.412851096567914
18.00740316990893	1.4132926965706536
18.008431326778076	1.4137345741234204
18.009453957474335	1.414176728647505
18.010471076509706	1.4146191595603521
18.011482698408223	1.4150618662752366
18.012488837704826	1.4155048482021964
18.013489508944257	1.4159481047475408
18.014484726684444	1.4163916353133539
18.015474505490165	1.4168354392989773
18.01645885994242	1.4172795160981866
18.01743780462857	1.4177238651033717
18.018411354148068	1.4181684857011034
18.019379523111798	1.4186133772746987
18.020342326139886	1.4190585392039232
18.02129977786496	1.4195039708639718
18.022251892928058	1.4199496716269715
18.023198685982255	1.4203956408600666
18.024140171691307	1.4208418779271068
18.025076364727525	1.421288382188
18.026007279775765	1.4217351529977003
18.026932931531316	1.4221821897080893
18.02785333469711	1.4226294916669753
18.028768503989145	1.4230770582167258
18.029678454133315	1.4235248886968803
18.03058319986451	1.4239729824426162
18.03148275592831	1.4244213387842926
18.032377137080807	1.424869957048266
18.03326635808846	1.4253188365568055
18.03415043372652	1.4257679766280134
18.035029378781395	1.4262173765750181
18.035903208049803	1.4266670357071667
18.036771936336528	1.4271169533295915
18.037635578458893	1.4275671287420486
18.03849414923999	1.4280175612412114
18.039347663518335	1.4284682501171528
18.040196136137002	1.4289191946583768
18.041039581951843	1.4293703941461244
18.041878015826597	1.4298218478586804
18.042711452636205	1.4302735550687782
18.043539907263373	1.4307255150453717
18.04436339460286	1.4311777270517698
18.0451819295551	1.4316301903479658
18.045995527033774	1.4320829041871337
18.046804201960473	1.43253586781979
18.047607969264355	1.4329890804908487
18.04840684388636	1.4334425414394065
18.0492008407756	1.4338962499010952
18.049989974889993	1.4343502051060566
18.050774261197855	1.434804406279291
18.0515537146744	1.4352588526415622
18.05232835030555	1.435713543407375
18.053098183086036	1.4361684777871695
18.053863228018795	1.4366236549862264
18.05462350011625	1.4370790742043034
18.055379014398177	1.437534734636379
18.056129785895113	1.4379906354713792
18.056875829644436	1.4384467758942172
18.05761716069345	1.4389031550834284
18.05835379409792	1.4393597722130338
18.05908574492037	1.4398166264516559
18.05981302823401	1.440273716961447
18.060535659118962	1.4407310429005225
18.061253652664405	1.441188603420616
18.06196702396722	1.441646397668418
18.062675788133227	1.442104424784709
18.063379960275576	1.4425626839051593
18.06407955551544	1.4430211741592869
18.064774588982136	1.4434798946708953
18.065465075813513	1.443938844558149
18.066151031154696	1.4443980229338416
18.066832470158502	1.4448574289045593
18.067509407986417	1.4453170615709539
18.06818185980574	1.4457769200283992
18.068849840793813	1.4462370033650558
18.06951336613386	1.4466973106647567
18.070172451016266	1.447157841004164
18.070827110640327	1.447618593453622
18.071477360211006	1.4480795670784012
18.07212321494255	1.4485407609364196
18.072764690053724	1.4490021740807926
18.0734018007727	1.4494638055564533
18.07403456233442	1.4499256544036414
18.074662989978787	1.4503877196560255
18.075287098955478	1.4508500003393756
18.07590690451835	1.4513124954750796
18.07652242193023	1.4517752040760485
18.07713366645939	1.4522381251502459
18.077740653381074	1.452701257698093
18.07834339797654	1.4531646007135954
18.078941915534525	1.453628153183618
18.079536221348413	1.4540919140890303
18.080126330720102	1.4545558824025058
18.080712258956243	1.4550200570915448
18.08129402136997	1.455484437115546
18.08187163328028	1.4559490214271653
18.08244511001233	1.4564138089718217
18.083014466897314	1.4568787986879586
18.08357971927232	1.4573439895069384
18.084140882479524	1.4578093803529488
18.084697971867243	1.4582749701423505
18.08525100278914	1.4587407577845317
18.085799990605025	1.4592067421812773
18.086344950679024	1.4596729222274565
18.086885898381265	1.4601392968094713
18.087422849087172	1.460605864806708
18.087955818176336	1.4610726250909436
18.088484821034854	1.4615395765253811
18.089009873052728	1.462006717966695
18.089530989624727	1.4624740482627796
18.090048186151627	1.4629415662534975
18.090561478037102	1.463409270771822
18.091070880691056	1.463877160641049
18.09157640952637	1.464345234677828
18.09207807996179	1.4648134916892108
18.092575907419366	1.4652819304753308
18.093069907325308	1.4657505498270336
18.09356009511106	1.4662193485267019
18.094046486210804	1.4666883253492875
18.094529096062963	1.467157479059972
18.09500794011009	1.4676268084155895
18.095483033798406	1.4680963121645663
18.095954392577177	1.4685659890464966
18.09642203190018	1.4690358377915362
18.096885967223212	1.469505857121884
18.097346214007253	1.4699760457493216
18.097802787714542	1.4704464023784138
18.09825570381173	1.4709169257025707
18.09870497776823	1.4713876144072715
18.09915062505517	1.4718584671684154
18.099592661148314	1.4723294826512403
18.1000311015247	1.4728006595134089
18.10046596166432	1.4732719964015153
18.10089725705001	1.4737434919528742
18.101325003166497	1.4742151447954501
18.10174921550085	1.4746869535468554
18.10216990954224	1.4751589168148702
18.102587100781587	1.475631033197226
18.103000804712014	1.476103301281216
18.1034110368285	1.4765757196442657
18.103817812627554	1.4770482868535795
18.104221147606584	1.477521001465802
18.10462105726522	1.4779938620263153
18.105017557104222	1.4784668670708234
18.105410662625385	1.4789400151241272
18.10580038933145	1.4794133047000435
18.10618675272619	1.4798867343013462
18.10656976831467	1.4803603024199128
18.106949451601498	1.480834007537086
18.10732581809266	1.4813078481215916
18.107698883293992	1.4817818226318218
18.10806866271281	1.482255929513989
18.108435171855135	1.4827301672042685
18.10879842622794	1.483204534125289
18.10915844133745	1.4836790286890698
18.109515232690224	1.4841536492948793
18.109868815792385	1.4846283943307093
18.110219206149285	1.4851032621723175
18.11056641926592	1.4855782511828515
18.110910470646214	1.4860533597134524
18.111251375793188	1.486528586102362
18.111589150209248	1.487003928675194
18.11192380939528	1.4874793857454212
18.112255368850718	1.4879549556131868
18.11258384407377	1.4884306365654605
18.11290925056085	1.4889064268764165
18.113231603806554	1.489382324806704
18.113550919304185	1.4898583286034979
18.113867212543866	1.4903344365013467
18.114180499014726	1.4908106467194395
18.114490794202446	1.49128695746497
18.114798113591096	1.4917633669295238
18.115102472661484	1.4922398732919346
18.11540388689214	1.4927164747158719
18.115702371757997	1.4931931693514373
18.115997942731504	1.4936699553331954
18.11629061528114	1.4941468307820265
18.11658040487255	1.4946237938028488
18.11686732696769	1.4951008424865413
18.117151397024045	1.495577974908689
18.117432630496353	1.496055189128354
18.117711042834376	1.496532483191062
18.117986649484095	1.4970098551251994
18.118259465886688	1.497487302944121
18.118529507479177	1.4979648246445203
18.11879678969359	1.4984424182076792
18.119061327956786	1.4989200815981094
18.119323137691055	1.4993978127633685
18.119582234313143	1.4998756096352526
18.119838633234068	1.5003534701281942
18.120092349859657	1.5008313921390233
18.12034339958999	1.5013093735481078
18.120591797818676	1.5017874122184656
18.12083755993384	1.502265505994534
18.121080701316586	1.5027436527042195
18.121321237341746	1.503221850156071
18.121559183377556	1.5037000961408598
18.121794554785282	1.5041783884311357
18.122027366919344	1.5046567247806495
18.122257635126097	None
18.238965543203133	None
