#t	N(t)
0.0	2
0.011010696193031511	2
0.014279393400515135	2
0.021002499889845885	2
0.0272464693318863	2
0.035990747736506463	2
0.046424666135380405	2
0.061310785077980934	2
0.08348038171426368	2
0.11748593181635494	2
0.1416429928259642	2
0.1566191528072152	2
0.1695259206474782	2
0.19083944576575967	2
0.23538438208143247	2
0.2723360795229769	2
0.29030351143472843	2
0.3011265584007989	2
0.3147698062391358	2
0.33725898494305706	2
0.37366530061338304	2
0.4012199928833871	2
0.41710351129522216	2
0.4292600731424897	2
0.44730116688231686	2
0.4814298952170879	2
0.5194555411819934	2
0.5399918164307953	2
0.5519450813616517	2
0.5645386065199544	2
0.5911191488538542	2
0.6261166181419886	2
0.6508582698590624	2
0.665682090498515	2
0.6782137940665706	2
0.6990785632502523	2
0.7347824079615068	2
0.7770509563356143	2
0.7976798043646556	2
0.8089182551434717	2
0.8207645491818024	2
0.8425268191949372	2
0.8729301821343233	2
0.9000096490229447	2
0.9176150836522318	2
0.9311558458962582	2
0.9480981362063331	2
0.9874683812007622	2
1.0128891973257197	2
1.0270514150917558	2
1.0387564641326237	2
1.061153657549564	2
1.107160843110879	2
1.1340613058223383	2
1.1477221445098136	2
1.1585185966327927	2
1.181976934257982	2
1.2390381965345936	2
1.2614873302287568	2
1.2728542156612295	2
1.2836834032825661	2
1.3047574722268716	2
1.3308375341688632	2
1.3553901619571849	2
1.3734217305126855	2
1.3885125676009629	2
1.406394056152527	2
1.4345946603252995	2
1.4580030229954988	2
1.4750646067019089	2
1.4898382664256715	2
1.5093673697833563	2
1.5346683505767178	2
1.5616173641260358	2
1.5808259300244305	2
1.5955569140946992	2
1.6117599127184281	2
1.6389897616292928	2
1.6630308014161468	2
1.6811566060891043	2
1.6963376363389409	2
1.7147206680781097	2
1.7386093803260665	2
1.7666704378956357	2
1.7867458624205803	2
1.801566682521445	2
1.8170009616785787	2
1.8427482833052715	2
1.8671317969340735	2
1.886386905492983	2
1.9021384464379816	2
1.9196994910424927	2
1.9420942479644927	2
1.9703252665198931	2
1.9909835433171137	2
2.0061314837376427	2
2.0213123963272928	2
2.0456046309743763	2
2.0700372849587305	2
2.090334179523342	2
2.106714041809489	2
2.123750993544631	2
2.144855038606862	2
2.1727105405167935	2
2.1937220168461367	2
2.209303169415951	2
2.224517424496171	2
2.247669144429406	2
2.271817464003002	2
2.2928582091353698	2
2.3098254391129163	2
2.326672876516013	2
2.346850929170772	2
2.3739181087908103	2
2.3950332727677868	2
2.4111058552633406	2
2.4265918847045542	2
2.448964347853566	2
2.4725294839915324	2
2.493867209127601	2
2.5112819741755303	2
2.5282697275415327	2
2.547943198751341	2
2.5739771461164493	2
2.594949374714718	2
2.6115127567286724	2
2.627456764272162	2
2.6494122851511572	2
2.6722180721366553	2
2.693455561850912	2
2.7111201735275263	2
2.728467807192192	2
2.7479868127398346	2
2.7730438175061867	2
2.793710152725912	2
2.810654750320239	2
2.8271019494891085	2
2.848980002264099	2
2.871068687530959	2
2.8918325910470415	2
2.909567237302597	2
2.927526524854888	2
2.9471757859296295	2
2.9712185004495026	2
2.991410012228634	2
3.0086637479324776	2
3.0257073331753728	2
3.047793480909393	2
3.069183492710644	2
3.089178885224222	2
3.1068447243148922	2
3.125705020924209	2
3.1456816719351695	2
3.168590535374999	2
3.188144555955449	2
3.205695111730791	2
3.2234821840295678	2
3.246030866111029	2
3.266712780582547	2
3.2857234758195113	2
3.303318813647688	2
3.323410535033688	2
3.3437128932107942	2
3.365203723458643	2
3.383979674965296	2
3.402285748319818	2
3.42094994736247	2
3.443356484228072	2
3.463287987704696	2
3.4818103302396612	2
3.4996543650393708	2
3.5207615557604584	2
3.540944100557094	2
3.561114835254582	2
3.5793448704981548	2
3.5987341104036363	2
3.618127538937379	2
3.6397813681566693	2
3.658960223353587	2
3.6775870109740856	2
3.6959385919483787	2
3.7175805803231903	2
3.737330575012211	2
3.75659096114916	2
3.774720985826539	2
3.795204333146609	2
3.814834963094689	2
3.835342829441735	2
3.8538924842998843	2
3.873293650142173	2
3.8922772957072054	2
3.9135992054606383	2
3.9327295098645876	2
3.9518067358213234	2
3.9702162775937975	2
3.991383679721948	2
4.0107992938376205	2
4.030365686199309	2
4.0486847089907965	2
4.069087139203113	2
4.088362806427487	2
4.108742258092995	2
4.1273280430630415	2
4.147019856843786	2
4.165886155141679	2
4.186813786584606	2
4.20573295387103	2
4.225161588542493	2
4.243672180841185	2
4.26460353264993	2
4.283697985248809	2
4.303337339420028	2
4.32173601550242	2
4.342276338413147	2
4.361317774256107	2
4.381417269633468	2
4.399913354602312	2
4.41998881640232	2
4.438817157899546	2
4.459333681709786	2
4.47799943905041	2
4.497777615613791	2
4.516371977448268	2
4.537075423390538	2
4.555863628391556	2
4.575588814214291	2
4.594035279127892	2
4.6146840471887645	2
4.633495494636732	2
4.6533583915172185	2
4.671764727740704	2
4.692218554773839	2
4.71096298773806	2
4.731046300515944	2
4.749482387816762	2
4.769717220359196	2
4.788345843582074	2
4.808635278323445	2
4.827120282258809	2
4.847186380151563	2
4.865694611988072	2
4.886124290855232	2
4.904642181388536	2
4.92461267833097	2
4.9430229245083925	2
4.963521587564803	2
4.98204311721153	2
5.001978781678307	2
5.020319493012384	2
5.040837443112607	2
5.059336019025932	2
5.079271163603203	2
5.09756366256712	2
5.118079485827576	2
5.136539154063654	2
5.15648162786785	2
5.17473557176742	2
5.195251478387169	2
5.213673538552476	2
5.233609284833242	2
5.251820450533124	2
5.272352746119433	2
5.290742019689076	2
5.3106517558661395	2
5.328813531148084	2
5.34938359311575	2
5.36774669574901	2
5.387605343973511	2
5.405709837355869	2
5.426347105129099	2
5.444692277356914	2
5.464463900074336	2
5.482501447245059	2
5.503251939682129	2
5.521590499041121	2
5.541217275861486	2
5.559174106451362	2
5.580118291223538	2
5.598467745665417	2
5.6178488483887214	2
5.635701694263762	2
5.656992848010207	2
5.675381877826246	2
5.694332572146429	2
5.712035798164912	2
5.733992905297842	2
5.752467046879012	2
5.770635911634292	2
5.788086328755488	2
5.811479465099393	2
5.830092313467326	2
5.84678577452551	2
5.8637043674686025	2
5.891254507166709	2
5.909884308819522	2
5.923976061832274	2
5.939226638440013	2
5.977796369883749	2
5.9956382584277375	2
6.005963777972819	2
6.018544095318992	2
6.037537828595586	2
6.059482952826916	2
6.087937591622466	2
6.108638006059166	2
6.124025156686894	2
6.138472048783068	2
6.164128195997637	2
6.183020122684757	2
6.198424194333447	2
6.214216655603493	2
6.248702245965407	2
6.266387064787129	2
6.27745760571051	2
6.2908670881082065	2
6.311567327002802	2
6.332488363014761	2
6.3637361237112495	2
6.381005764249434	2
6.392695426648649	2
6.407065654878412	2
6.429044262000472	2
6.449365594993536	2
6.472304138018834	2
6.489391916885418	2
6.50495358463887	2
6.522163740532498	2
6.553868833866048	2
6.5718929108267625	2
6.583934965307021	2
6.5978502802774885	2
6.620585467629097	2
6.640077585337802	2
6.6596312513622395	2
6.6762414520478215	2
6.695806988219276	2
6.7134710698505335	2
6.7358451549208995	2
6.753350460331823	2
6.77013199780337	2
6.787109302356528	2
6.825532202758657	2
6.841966718006961	2
6.851524581777974	2
6.864446402861982	2
6.882005855156041	2
6.903369439561872	2
6.925085826802513	2
6.956384460851945	2
6.9741409512748875	2
6.986129362727142	2
7.000106635857642	2
7.022016433725309	2
7.0410432219851256	2
7.06196782345924	2
7.0786411410017065	2
7.0962713742468	2
7.113486811393729	2
7.147551482852502	2
7.163957937623008	2
7.174326972647274	2
7.188053609328885	2
7.2068643736710705	2
7.227188781930392	2
7.251441577929543	2
7.271001184426686	2
7.289040421765018	2
7.304796800530223	2
7.327001182310276	2
7.344286771184815	2
7.361296999226177	2
7.377869121504107	2
7.4231904524466055	2
7.438232366059139	2
7.446264906223135	2
7.458821565261614	2
7.474004394594499	2
7.495337474554816	2
7.5139997254303035	2
7.536987741936914	2
7.553407334262432	2
7.568405296419524	2
7.585056629863092	2
7.608523993771823	2
7.626593883988697	2
7.643437764250485	2
7.659317225532406	2
7.696366445146758	2
7.711828329549805	2
7.7210342756103785	2
7.734400743591696	2
7.751256545220299	2
7.771521584848234	2
7.7909901203816325	2
7.819881573284733	2
7.836525339810783	2
7.848550804472991	2
7.863222585367426	2
7.883314009116514	2
7.901564648753102	2
7.937097711170618	2
7.9522738277225695	2
7.961570672847036	2
7.975310655630757	2
7.992221006576053	2
8.012154685155572	2
8.031260946047768	2
8.057367052250227	2
8.074215379587322	2
8.087684265375334	2
8.102932271850664	2
8.124008898191349	2
8.141602271464675	2
8.16319292072256	2
8.179100479692542	2
8.195208367822948	2
8.211550434844838	2
8.235331077910613	2
8.252157521681909	2
8.267187694962304	2
8.28289306735297	2
8.305359953339133	2
8.322317807364401	2
8.33921407079168	2
8.354864368792462	2
8.388041004936039	2
8.403113701575187	2
8.412799607706457	2
8.42687258188547	2
8.443848499761103	2
8.462792760931144	2
8.481609941421858	2
8.502556400490914	2
8.52041952167973	2
8.54859016218187	2
8.563636697515125	2
8.574699652695925	2
8.589904988570085	2
8.607621594446147	2
8.626163842537915	2
8.645525963330696	2
8.664321021543211	2
8.684947259565293	2
8.702554449166843	2
8.735923800567985	2
8.750285890391247	2
8.759467673761073	2
8.773820865398456	2
8.790052922691027	2
8.80898436491447	2
8.826403497267197	2
8.849621113585428	2
8.865650427942448	2
8.880406690930878	2
8.895865097601614	2
8.915860470713284	2
8.93239817583053	2
8.957944611673026	2
8.972783626030376	2
8.984732175017719	2
9.000319850163944	2
9.017703336821143	2
9.035639149314152	2
9.054079478835051	2
9.072195058305672	2
9.091141529528027	2
9.10864415179584	2
9.129465564611127	2
9.145705793636232	2
9.165869113679086	2
9.180834334094092	2
9.19825808007748	2
9.213496973220403	2
9.240999663366933	2
9.255576784095629	2
9.266486784000492	2
9.281553427269099	2
9.298123240903678	2
9.315767304470493	2
9.3331221713555	2
9.351523912149313	2
9.36841283175848	2
9.388491238070575	2
9.404388613649184	2
9.427395090142104	2
9.441886141044268	2
9.454943668688935	2
9.470563135697875	2
9.487512275936934	2
9.50456692294549	2
9.522234886956149	2
9.539207893366036	2
9.557436100051628	2
9.573766644502166	2
9.593968930330634	2
9.609376759870358	2
9.629529869799919	2
9.644024254693191	2
9.660858817021797	2
9.675633448166778	2
9.697776746273329	2
9.712477575294361	2
9.726790072545246	2
9.741801519213551	2
9.759301219205398	2
9.775026255407443	2
9.794520741705487	2
9.809697218529578	2
9.83359764600473	2
9.847525612965072	2
9.859453238664463	2
9.874854089600499	2
9.890651693131833	2
9.907592010784212	2
9.923612777706362	2
9.941238164663213	2
9.956799371070632	2
9.976083572850552	2
9.990985037827242	2
10.01554899541704	2
10.029184704478105	2
10.04048366828725	2
10.055812998708921	2
10.071112260523373	2
10.088020723381582	2
10.103453250987355	2
10.121319337258797	2
10.13634609356559	2
10.157342922278977	2
10.17154659232871	2
10.186795187894711	2
10.2011065964859	2
10.218825215415666	2
10.233563780302395	2
10.254862218831041	2
10.268851157989085	2
10.28328301028452	2
10.297704897265957	2
10.314344997371965	2
10.329230924391512	2
10.346920154437775	2
10.361522661922226	2
10.382411605400096	2
10.396269289205415	2
10.411121044831892	2
10.42527459988416	2
10.442134996443048	2
10.456694935117733	2
10.474953198353393	2
10.489167300010383	2
10.519740233728893	2
10.532193637226529	2
10.540582228227315	2
10.556071540254889	2
10.56980932168828	2
10.587433067528151	2
10.601528980538124	2
10.623409332631246	2
10.63673860852186	2
10.64953422441158	2
10.664009101977767	2
10.67899411546057	2
10.694152056364628	2
10.709319301491375	2
10.724504795740053	2
10.739639246530587	2
10.754784548275245	2
10.769862584686402	2
10.784962253503918	2
10.799980269090133	2
10.815035687584505	2
10.829991931506829	2
10.845005464859069	2
10.859898139196732	2
10.874872524055444	2
10.889699610613773	2
10.904637875305227	2
10.919397161487154	2
10.934302584966787	2
10.948991728225845	2
10.963867786076104	2
10.978484399761891	2
10.993334688828659	2
11.007876441533645	2
11.022704589117499	2
11.03716931360753	2
11.051978871298365	2
11.066364671117682	2
11.081159000337944	2
11.09546434947503	2
11.110246504309053	2
11.124470329259267	2
11.139242939755977	2
11.153384682640601	2
11.168149844971436	2
11.18220950424204	2
11.196968680339145	2
11.210946830729869	2
11.225700757170895	2
11.239598552873518	2
11.254347159553907	2
11.268166327853647	2
11.282908662446097	2
11.296651492008502	2
11.311385651840729	2
11.325054979609048	2
11.33977804689874	2
11.353377251257452	2
11.368085237536574	2
11.381618233594594	2
11.396306038637077	2
11.409777275460145	2
11.424438677299692	2
11.437853129370033	2
11.452480824905784	2
11.465843967744458	2
11.480429688421836	2
11.493747445692604	2
11.508282175854843	2
11.52156082000665	2
11.536035137445333	2
11.549281132786064	2
11.563685668325306	2
11.576905449798701	2
11.591231436379015	2
11.604431131109296	2
11.618670974565063	2
11.631856091270222	2
11.646003876862467	2
11.659179002428283	2
11.673230843858553	2
11.686399394772709	2
11.700353565626239	2
11.713517636701722	2
11.727374473508451	2
11.740534806972974	2
11.754296422653326	2
11.76745249746627	2
11.781122378468792	2
11.794272593577697	2
11.80785515771159	2
11.8209970771785	2
11.8344972603328	2
11.847627876896935	2
11.861050785273719	2
11.874166773029359	2
11.887517417771718	2
11.900615352281704	2
11.913898464219445	2
11.926974997456421	2
11.940194912092528	2
11.95324690138995	2
11.96640749785942	2
11.979432090307348	2
11.992536772183415	2
12.005531452584487	2
12.018583156533929	2
12.03154576452623	2
12.044546987794845	2
12.057475712375357	2
12.07042855194343	2
12.083321910722725	2
12.09622810899949	2
12.109084917697277	2
12.121945908723134	2
12.134765244558476	2
12.147582200470827	2
12.160363365166026	2
12.173137239059978	2
12.185879722034537	2
12.198611287088879	2
12.211314731500218	2
12.22400461559325	2
12.23666878823089	2
12.249317503389346	2
12.261942268303317	2
12.274550235472299	2
12.287135532373316	2
12.299703102403296	2
12.31224892872547	2
12.324776398004675	2
12.337282794078714	2
12.349770418265189	2
12.362237456037226	2
12.374685459912453	2
12.387113234158766	2
12.399521820046568	2
12.411910441129582	2
12.424279794116678	2
12.436629384218579	2
12.448959676821351	2
12.461270364593936	2
12.473561760405753	2
12.485833679452737	2
12.498086334536465	2
12.510319621308916	2
12.52253368679776	2
12.534728478574712	2
12.546904101792308	2
12.559060536453044	2
12.571197861127558	2
12.583316076320882	2
12.595415243533958	2
12.607495376073887	2
12.619556524756911	2
12.631598710692876	2
12.643621977693673	2
12.655626351709452	2
12.66761187216073	2
12.679578567675573	2
12.691526474950642	2
12.703455624157684	2
12.715366050227942	2
12.727257784027152	2
12.739130859136583	2
12.750985306862008	2
12.762821160057204	2
12.77463844982472	2
12.786437208486177	2
12.79821746716835	2
12.809979257517332	2
12.821722610362002	2
12.83344755702096	2
12.845154128256315	2
12.856842354701588	2
12.86851226706829	2
12.880163895611846	2
12.891797270688215	2
12.90341242206637	2
12.915009379907751	2
12.926588173983987	2
12.938148833745556	2
12.949691388690816	2
12.961215868131283	2
12.972722301294143	2
12.984210716827317	2
12.995681144116718	2
13.007133611551172	2
13.018568147913282	2
13.029984781284668	2
13.04138354020135	2
13.05276445250363	2
13.064127546742078	2
13.075472850165399	2
13.08680039106754	2
13.09811019651509	2
13.10940229422302	2
13.12067671156684	2
13.131933475478235	2
13.143172613301257	2
13.154394151826708	2
13.165598117709381	2
13.176784537787897	2
13.187953438638589	2
13.199104846460212	2
13.210238787620066	2
13.22135528841315	2
13.23245437473664	2
13.243536072378808	2
13.254600407364743	2
13.26564740505218	2
13.276677091330928	2
13.287689491416762	2
13.298684630690554	2
13.309662534336514	2
13.320623227336501	2
13.33156673477663	2
13.342493081453947	2
13.353402292025875	2
13.364294391151773	2
13.37516940343696	2
13.386027353022785	2
13.396868264481721	2
13.407692161712493	2
13.418499069015581	2
13.429289010237845	2
13.440062009228534	2
13.450818089671317	2
13.461557275237285	2
13.472279589615676	2
13.482985056023587	2
13.49367369788454	2
13.504345538349503	2
13.515000600705248	2
13.525638907709528	2
13.536260482501232	2
13.5468653478142	2
13.557453526364311	2
13.568025040780027	2
13.578579913643964	2
13.589118167326482	2
13.599639824248218	2
13.610144906510897	2
13.620633436394384	2
13.631105435833096	2
13.641560926890195	2
13.65199993146738	2
13.662422471271544	2
13.672828567946175	2
13.683218243118544	2
13.693591518299613	2
13.703948414925033	2
13.714288954429794	2
13.72461315776705	2
13.734921046443565	2
13.745212641280306	2
13.755487963302485	2
13.765747033531794	2
13.775989872675146	2
13.786216501435126	2
13.796426940572776	2
13.806621210589064	2
13.816799331952048	2
13.826961325119916	2
13.8371072104035	2
13.847237008008689	2
13.857350738128321	2
13.867448420840617	2
13.877530076223604	2
13.887595724036858	2
13.897645384274169	2
13.907679076725355	2
13.917696821016525	2
13.92769863674446	2
13.937684543550487	2
13.947654560821343	2
13.957608707991024	2
13.96754700444045	2
13.977469469397906	2
13.98737612192774	2
13.99726698130484	2
14.007142066488257	2
14.017001396448933	2
14.026844990088723	2
14.036672866160064	2
14.046485043615254	2
14.056281540921457	2
14.066062376906856	2
14.075827570028718	2
14.08557713871186	2
14.095311101498618	2
14.105029476613185	2
14.114732282455453	2
14.124419537259827	2
14.134091258953287	2
14.143747465955968	2
14.153388176008539	2
14.163013407355848	2
14.172623177587848	2
14.182217504840963	2
14.19179640665622	2
14.201359900860371	2
14.210908005089765	2
14.22044073695193	2
14.229958113969056	2
14.23946015364478	2
14.248946873281225	2
14.258418290376785	2
14.267874422100807	2
14.27731528582073	2
14.286740898512688	2
14.296151277466967	2
14.30554643963805	2
14.314926402120298	2
14.32429118179912	2
14.333640795649686	2
14.342975260452766	2
14.352294592991024	2
14.361598809974481	2
14.37088792811529	2
14.380161963965886	2
14.389420934127102	2
14.398664855204165	2
14.407893743448662	2
14.417107615481223	2
14.426306487507523	2
14.435490375899546	2
14.444659296850121	2
14.453813266676493	2
14.462952301374981	2
14.472076417167903	2
14.481185630001075	2
14.490279955909504	2
14.499359410847212	2
14.508424010739818	2
14.517473771369536	2
14.526508708631948	2
14.535528838231654	2
14.544534175857205	2
14.553524737184857	2
14.562500537847313	2
14.571461593321805	2
14.58040791918994	2
14.589339530906045	2
14.598256443949854	2
14.607158673623532	2
14.616046235357397	2
14.62491914430665	2
14.633777415836693	2
14.642621065115213	2
14.651450107274705	2
14.6602645574778	2
14.669064430750915	2
14.677849742071658	2
14.686620506531115	2
14.695376738975526	2
14.704118454454525	2
14.712845667689713	2
14.721558393545214	2
14.73025664679469	2
14.738940442153993	2
14.747609794338466	2
14.75626471802208	2
14.76490522772246	2
14.773531338120506	2
14.78214306373063	2
14.790740419046502	2
14.799323418467225	2
14.807892076456175	2
14.816446407389629	2
14.824986425606392	2
14.833512145416796	2
14.842023581060966	2
14.850520746754613	2
14.859003656767523	2
14.867472325146908	2
14.875926766145625	2
14.884366993678757	2
14.89279302187911	2
14.901204864771268	2
14.909602536305067	2
14.91798605043178	2
14.926355421042288	2
14.934710661989776	2
14.943051787127642	2
14.95137881023091	2
14.959691745075219	2
14.967990605355098	2
14.976275404827298	2
14.984546157144088	2
14.992802875925115	2
15.00104557478469	2
15.009274267232236	2
15.017488966863441	2
15.025689687135925	2
15.033876441554941	2
15.042049243498687	2
15.050208106431755	2
15.058353043685672	2
15.066484068593255	2
15.074601194530258	2
15.082704434693994	2
15.09079380243482	2
15.098869310830993	2
15.106930973186707	2
15.114978802632665	2
15.123012812282226	2
15.131033015233182	2
15.139039424599096	2
15.147032053366562	2
15.155010914582704	2
15.162976021212618	2
15.170927386214998	2
15.17886502253244	2
15.186788943062306	2
15.194699160658697	2
15.202595688208907	2
15.21047853849092	2
15.218347724304946	2
15.226203258371784	2
15.234045153544125	2
15.241873422412239	2
15.249688077716204	2
15.25748913211447	2
15.265276598238762	2
15.27305048864487	2
15.280810816005824	2
15.288557592764699	2
15.29629083157406	2
15.304010544794162	2
15.311716745026134	2
15.319409444673257	2
15.327088656203854	2
15.33475439198578	2
15.34240666439389	2
15.350045485850778	2
15.357670868604377	2
15.365282825027439	2
15.372881367368894	2
15.380466507952345	2
15.388038258939524	2
15.395596632568676	2
15.403141641062755	2
15.410673296617217	2
15.418191611293869	2
15.425696597305082	2
15.433188266737735	2
15.440666631672254	2
15.4481317041873	2
15.455583496300227	2
15.46302202000113	2
15.470447287387106	2
15.477859310333187	2
15.485258100850574	2
15.492643670856996	2
15.500016032287805	2
15.50737519698724	2
15.514721176885402	2
15.522053983868359	2
15.529373629680945	2
15.536680126193056	2
15.543973485178938	2
15.551253718428411	2
15.558520837685718	2
15.565774854724292	2
15.57301578119663	2
15.580243628900545	2
15.587458409418646	2
15.594660134469981	2
15.601848815662914	2
15.609024464702005	2
15.616187093093616	2
15.623336712513947	2
15.630473334507855	2
15.637596970592133	2
15.644707632347645	2
15.6518053313054	2
15.658890078935361	2
15.665961886731065	2
15.673020766151625	2
15.680066728678401	2
15.687099785747124	2
15.6941199487555	2
15.70112722909086	2
15.708121638212061	2
15.715103187424281	2
15.722071888081699	2
15.729027751610024	2
15.735970789229869	2
15.742901012288005	2
15.749818432083467	2
15.756723059884973	2
15.7636149069496	2
15.770493984521538	2
15.777360303888575	2
15.784213876199178	2
15.791054712696443	2
15.79788282453547	2
15.804698222942006	2
15.81150091901116	2
15.818290923964604	2
15.825068248889885	2
15.831832904894062	2
15.838584903146568	2
15.84532425464255	2
15.852050970546285	2
15.858765061870647	2
15.86546653970228	2
15.872155415064004	2
15.878831698997502	2
15.885495402466276	2
15.892146536539046	2
15.898785112118214	2
15.905411140253635	2
15.912024631902984	2
15.918625597973135	2
15.925214049435448	2
15.931789997213489	2
15.938353452215773	2
15.944904425362841	2
15.951442927508179	2
15.957968969544511	2
15.964482562402273	2
15.970983716857504	2
15.97747244379783	2
15.983948754059742	2
15.990412658450296	2
15.9968641677752	2
16.00330329286138	2
16.009730044493665	2
16.016144433458635	2
16.0225464705145	2
16.028936166433343	2
16.035313531964533	2
16.041678577837594	2
16.04803131480284	2
16.054371753568947	2
16.06069990484877	2
16.067015779378853	2
16.073319387781083	2
16.07961074080744	2
16.085889849095828	2
16.092156723304676	2
16.09841137411416	2
16.104653812173705	2
16.110884048090835	2
16.117102092516998	2
16.12330795607357	2
16.129501649366187	2
16.135683183002687	2
16.141852567574272	2
16.14800981367846	2
16.15415493188011	2
16.160287932741973	2
16.16640882686496	2
16.172517624764023	2
16.178614337031384	2
16.184698974152745	2
16.19077154668994	2
16.196832065181106	2
16.20288054012487	2
16.208916982027798	2
16.21494140139829	2
16.220953808741747	2
16.22695421453862	2
16.232942629269235	2
16.238919063427435	2
16.24488352746557	2
16.250836031847427	2
16.256776587034867	2
16.262705203467323	2
16.26862189159606	2
16.274526661855163	2
16.28041952467873	2
16.286300490485328	2
16.2921695697035	2
16.298026772764633	2
16.303872110041983	2
16.309705591954067	2
16.31552722888929	2
16.321337031256324	2
16.327135009409236	2
16.332921173751217	2
16.338695534669245	2
16.344458102501303	2
16.350208887641784	2
16.355947900438867	2
16.361675151236113	2
16.367390650420656	2
16.373094408295614	2
16.37878643522669	2
16.384466741545214	2
16.390135337576442	2
16.395792233667567	2
16.401437440125235	2
16.407070967266804	2
16.41269282542386	2
16.41830302490777	2
16.423901576026058	2
16.429488489048246	2
16.435063774328533	2
16.440627442129724	2
16.446179502752656	2
16.451719966499727	2
16.457248843644443	2
16.462766144452168	2
16.46827187923899	2
16.47376605827016	2
16.479248691803363	2
16.48471979013599	2
16.490179363514393	2
16.495627422206997	2
16.5010639764642	2
16.50648903656645	2
16.51190261276207	2
16.51730471531195	2
16.522695354467512	2
16.52807454046985	2
16.53344228358297	2
16.53879859403672	2
16.544143482083058	2
16.549476957940332	2
16.55479903188529	2
16.56010971413092	2
16.5654090149075	2
16.57069694446802	2
16.575973513029783	2
16.581238730829917	2
16.586492608087678	2
16.591735155060622	2
16.596966381921245	2
16.60218629894282	2
16.607394916325905	2
16.612592244290678	2
16.617778293081187	2
16.622953072894326	2
16.628116593961828	2
16.633268866509	2
16.638409900743376	2
16.643539706869756	2
16.64865829511661	2
16.653765675696313	2
16.65886185883363	2
16.663946854738747	2
16.6690206736252	2
16.67408332571836	2
16.679134821218256	2
16.68417517034952	2
16.68920438330164	2
16.69422247031987	2
16.699229441597264	2
16.7042253073531	2
16.70921007780932	2
16.714183763173416	2
16.7191463736621	2
16.724097919483164	2
16.729038410878246	2
16.73396785803087	2
16.73888627117893	2
16.74379366053001	2
16.748690036312958	2
16.7535754087259	2
16.75844978801354	2
16.763313184377328	2
16.768165608059494	2
16.77300706926458	2
16.77783757822524	2
16.782657145163707	2
16.787465780313756	2
16.792263493892296	2
16.797050296139915	2
16.801826197284694	2
16.806591207543494	2
16.811345337184544	2
16.81608859641941	2
16.820820995481203	2
16.82554254461397	2
16.830253254057364	2
16.834953134062285	2
16.839642194854513	2
16.844320446714626	2
16.848987899864976	2
16.853644564559083	2
16.85829045106347	2
16.86292556962458	2
16.867549930494704	2
16.872163543948208	2
16.876766420235377	2
16.881358569626087	2
16.885940002382647	2
16.890510728778793	2
16.895070759090476	2
16.8996201036007	2
16.904158772565317	2
16.90868677629134	2
16.913204125048853	2
16.917710829130616	2
16.92220689881434	2
16.926692344422722	2
16.931167176217016	2
16.93563140452299	2
16.940085039631217	2
16.944528091848532	2
16.948960571483607	2
16.95338248885891	2
16.957793854287342	2
16.962194678086963	2
16.96658497057938	2
16.970964742095312	2
16.975334002972062	2
16.979692763542975	2
16.98404103413861	2
16.988378825104743	2
16.992706146791832	2
16.997023009547263	2
17.001329423726183	2
17.00562539968991	2
17.009910947804357	2
17.01418607843759	2
17.018450801943494	2
17.022705128717835	2
17.026949069130374	2
17.031182633576474	2
17.035405832437334	2
17.039618676111413	2
17.043821174993866	2
17.048013339480246	2
17.05219517999841	2
17.056366706947	2
17.060527930747906	2
17.064678861818265	2
17.068819510585158	2
17.072949887481535	2
17.07707000295062	2
17.08117986742169	2
17.085279491352384	2
17.08936888519272	2
17.093448059391253	2
17.097517024426146	2
17.10157579076279	2
17.105624368861648	2
17.109662769221494	2
17.11369100230269	2
17.117709078611643	2
17.121717008641586	2
17.125714802893405	2
17.12970247186605	2
17.13368002608853	2
17.137647476059847	2
17.141604832309437	2
17.145552105373724	2
17.149489305781827	2
17.15341644408159	2
17.157333530810828	2
17.16124057654564	2
17.165137591818212	2
17.16902458720892	2
17.17290157328747	2
17.176768560621166	2
17.18062555981387	2
17.184472581442954	2
17.18830963611008	2
17.19213673441695	2
17.195953886978852	2
17.199761104405354	2
17.203558397330124	2
17.207345776366058	2
17.211123252164466	2
17.2148908353595	2
17.218648536614708	2
17.222396366564777	2
17.226134335891	2
17.229862455254025	2
17.233580735330822	2
17.237289186813292	2
17.240987820384202	2
17.244676646746225	2
17.248355676605463	2
17.252024920671726	2
17.25568438966474	2
17.25933409431137	2
17.262974045345825	2
17.26660425351285	2
17.270224729554585	2
17.273835484230077	2
17.277436528299205	2
17.281027872537646	2
17.284609527720903	2
17.288181504637745	2
17.291743814081627	2
17.2952964668495	2
17.298839473750743	2
17.302372845608794	2
17.30589659323969	2
17.309410727481186	2
17.312915259169895	2
17.316410199150194	2
17.319895558285825	2
17.32337134743728	2
17.326837577473473	2
17.33029425927619	2
17.333741403734635	2
17.337179021742845	2
17.34060712420416	2
17.344025722032818	2
17.347434826149993	2
17.350834447479844	2
17.354224596962283	2
17.3576052855393	2
17.36097652416903	2
17.36433832381079	2
17.367690695437716	2
17.371033650028725	2
17.374367198567423	2
17.377691352055958	2
17.38100612149481	2
17.38431151790206	2
17.387607552296	2
17.39089423571023	2
17.3941715791791	2
17.397439593755372	2
17.4006982904957	2
17.403947680470218	2
17.407187774745513	2
17.410418584410063	2
17.413640120554604	2
17.4168523942816	2
17.420055416710703	2
17.42324919895148	2
17.426433752132503	2
17.429609087397555	2
17.432775215891596	2
17.435932148775258	2
17.439079897210878	2
17.442218472373064	2
17.445347885448907	2
17.448468147633083	2
17.451579270126842	2
17.454681264138276	2
17.45777414089649	2
17.460857911630285	2
17.46393258758108	2
17.466998180000616	2
17.47005470015117	2
17.47310215929834	2
17.47614056872747	2
17.479169939717824	2
17.48219028357505	2
17.485201611611572	2
17.488203935135832	2
17.491197265491802	2
17.494181613999235	2
17.4971569920211	2
17.50012341090654	2
17.503080882022772	2
17.506029416751637	2
17.50896902647659	2
17.511899722608156	2
17.514821516544647	2
17.51773441969999	2
17.520638443511057	2
17.523533599409365	2
17.52641989884746	2
17.529297353282576	2
17.532165974181645	2
17.535025773026216	2
17.537876761304524	2
17.540718950522212	2
17.54355235217591	2
17.54637697780329	2
17.549192838920895	2
17.55199994707403	2
17.554798313817393	2
17.557587950714197	2
17.560368869333047	2
17.563141081258447	2
17.56590459808647	2
17.568659431417146	2
17.571405592870487	2
17.574143094066528	2
17.576871946651313	2
17.579592162263687	2
17.58230375256454	2
17.58500672921927	2
17.58770110391353	2
17.590386888330357	2
17.593064094176807	2
17.595732733160112	2
17.59839281700978	2
17.60104435745284	2
17.603687366234748	2
17.606321855114214	2
17.60894783585484	2
17.61156532023402	2
17.614174320048498	2
17.61677484708376	2
17.61936691316428	2
17.621950530100754	2
17.624525709730587	2
17.627092463900173	2
17.629650804464156	2
17.63220074328677	2
17.634742292247328	2
17.637275463231138	2
17.639800268146313	2
17.64231671889826	2
17.644824827410577	2
17.64732460561811	2
17.649816065467224	2
17.65229921891305	2
17.65477407792787	2
17.657240654485207	2
17.659698960576314	2
17.66214900821333	2
17.6645908093976	2
17.667024376164882	2
17.669449720546787	2
17.671866854592924	2
17.67427579036227	2
17.676676539930327	2
17.6790691153757	2
17.681453528798947	2
17.68382979230336	2
17.686197918005988	2
17.688557918040786	2
17.69090980454637	2
17.693253589676893	2
17.695589285597546	2
17.697916904483897	2
17.70023645852881	2
17.70254795992478	2
17.70485142089159	2
17.70714685364836	2
17.709434270434492	2
17.711713683495923	2
17.713985105093826	2
17.71624854749472	2
17.71850402299197	2
17.72075154386653	2
17.722991122439574	2
17.725222771021482	2
17.72744650194689	2
17.729662327558568	2
17.73187026020867	2
17.734070312268933	2
17.73626249611838	2
17.73844682414544	2
17.740623308752767	2
17.74279196235835	2
17.744952797391406	2
17.74710582628654	2
17.74925106149814	2
17.751388515488372	2
17.75351820073451	2
17.75564012972832	2
17.757754314963428	2
17.75986076895551	2
17.76195950422708	2
17.76405053332064	2
17.766133868780233	2
17.768209523165428	2
17.770277509058314	2
17.772337839037675	2
17.774390525702096	2
17.776435581663492	2
17.778473019546606	2
17.78050285198104	2
17.782525091616506	2
17.78453975111483	2
17.7865468431462	2
17.7885463803936	2
17.790538375556384	2
17.792522841339224	2
17.79449979046783	2
17.796469235673122	2
17.79843118970602	2
17.80038566531937	2
17.802332675286674	2
17.804272232388843	2
17.806204349424846	2
17.80812903920333	2
17.810046314540664	2
17.811956188274547	2
17.81385867324717	2
17.81575378231726	2
17.817641528357246	2
17.819521924249024	2
17.821394982887362	2
17.823260717180247	2
17.825119140047693	2
17.826970264425103	2
17.82881410325456	2
17.83065066949499	2
17.83247997611794	2
17.834302036104994	2
17.836116862453288	2
17.837924468169955	2
17.83972486627616	2
17.841518069803776	2
17.843304091797943	2
17.845082945318136	2
17.846854643433435	2
17.848619199228672	2
17.850376625801154	2
17.852126936256038	2
17.853870143716687	2
17.85560626131293	2
17.857335302194173	2
17.859057279518446	2
17.860772206458396	2
17.862480096194684	2
17.86418096192608	2
17.865874816860114	2
17.86756167421829	2
17.869241547235067	2
17.870914449156857	2
17.87258039324308	2
17.874239392765844	2
17.875891461008976	2
17.877536611267736	2
17.879174856855194	2
17.880806211089922	2
17.882430687308368	2
17.884048298857255	2
17.885659059095953	2
17.88726298139621	2
17.888860079143814	2
17.890450365734452	2
17.892033854581825	2
17.893610559104506	2
17.895180492739197	2
17.896743668934032	2
17.898300101147097	2
17.899849802853133	2
17.901392787535098	2
17.902929068693357	2
17.9044586598348	2
17.905981574486326	2
17.907497826178496	2
17.90900742846199	2
17.9105103948963	2
17.912006739051378	2
17.913496474516563	2
17.914979614886388	2
17.916456173771902	2
17.91792616479682	2
17.919389601594368	2
17.920846497812448	2
17.92229686711167	2
17.923740723162215	2
17.925178079650145	2
17.926608950272517	2
17.92803334873896	2
17.92945128877096	2
17.93086278410282	2
17.9322678484821	2
17.933666495664873	2
17.93505873942528	2
17.93644459354402	2
17.93782407182007	2
17.939197188058184	2
17.940563956082183	2
17.941924389723123	2
17.94327850282694	2
17.944626309249365	2
17.945967822861846	2
17.94730305754486	2
17.948632027192726	2
17.949954745712386	2
17.951271227021167	2
17.9525814850499	2
17.953885533740703	2
17.955183387049512	2
17.956475058942324	2
17.95776056339775	2
17.959039914408482	2
17.960313125978093	2
17.961580212118932	2
17.962841186861827	2
17.964096064244725	2
17.96534485831829	2
17.96658758314633	2
17.96782425280475	2
17.969054881379474	2
17.970279482970938	2
17.971498071688558	2
17.972710661657146	2
17.973917267010457	2
17.97511790189511	2
17.976312580471035	2
17.97750131690709	2
17.97868412538638	2
17.97986102010191	2
17.981032015258986	2
17.98219712507662	2
17.983356363782335	2
17.984509745616897	2
17.985657284832453	2
17.986798995694382	2
17.987934892477163	2
17.989064989468552	2
17.990189300966403	2
17.99130784128098	2
17.9924206247341	2
17.99352766565869	2
17.994628978400204	2
17.995724577313535	2
17.99681447676708	2
17.997898691138815	2
17.998977234819424	2
18.000050122210194	2
18.001117367723946	2
18.00217898578425	2
18.003234990826797	2
18.004285397298183	2
18.00533021965389	2
18.006369472364735	2
18.00740316990893	2
18.008431326778076	2
18.009453957474335	2
18.010471076509706	2
18.011482698408223	2
18.012488837704826	2
18.013489508944257	2
18.014484726684444	2
18.015474505490165	2
18.01645885994242	2
18.01743780462857	2
18.018411354148068	2
18.019379523111798	2
18.020342326139886	2
18.02129977786496	2
18.022251892928058	2
18.023198685982255	2
18.024140171691307	2
18.025076364727525	2
18.026007279775765	2
18.026932931531316	2
18.02785333469711	2
18.028768503989145	2
18.029678454133315	2
18.03058319986451	2
18.03148275592831	2
18.032377137080807	2
18.03326635808846	2
18.03415043372652	2
18.035029378781395	2
18.035903208049803	2
18.036771936336528	2
18.037635578458893	2
18.03849414923999	2
18.039347663518335	2
18.040196136137002	2
18.041039581951843	2
18.041878015826597	2
18.042711452636205	2
18.043539907263373	2
18.04436339460286	2
18.0451819295551	2
18.045995527033774	2
18.046804201960473	2
18.047607969264355	2
18.04840684388636	2
18.0492008407756	2
18.049989974889993	2
18.050774261197855	2
18.0515537146744	2
18.05232835030555	2
18.053098183086036	2
18.053863228018795	2
18.05462350011625	2
18.055379014398177	2
18.056129785895113	2
18.056875829644436	2
18.05761716069345	2
18.05835379409792	2
18.05908574492037	2
18.05981302823401	2
18.060535659118962	2
18.061253652664405	2
18.06196702396722	2
18.062675788133227	2
18.063379960275576	2
18.06407955551544	2
18.064774588982136	2
18.065465075813513	2
18.066151031154696	2
18.066832470158502	2
18.067509407986417	2
18.06818185980574	2
18.068849840793813	2
18.06951336613386	2
18.070172451016266	2
18.070827110640327	2
18.071477360211006	2
18.07212321494255	2
18.072764690053724	2
18.0734018007727	2
18.07403456233442	2
18.074662989978787	2
18.075287098955478	2
18.07590690451835	2
18.07652242193023	2
18.07713366645939	2
18.077740653381074	2
18.07834339797654	2
18.078941915534525	2
18.079536221348413	2
18.080126330720102	2
18.080712258956243	2
18.08129402136997	2
18.08187163328028	2
18.08244511001233	2
18.083014466897314	2
18.08357971927232	2
18.084140882479524	2
18.084697971867243	2
18.08525100278914	2
18.085799990605025	2
18.086344950679024	2
18.086885898381265	2
18.087422849087172	2
18.087955818176336	2
18.088484821034854	2
18.089009873052728	2
18.089530989624727	2
18.090048186151627	2
18.090561478037102	2
18.091070880691056	2
18.09157640952637	2
18.09207807996179	2
18.092575907419366	2
18.093069907325308	2
18.09356009511106	2
18.094046486210804	2
18.094529096062963	2
18.09500794011009	2
18.095483033798406	2
18.095954392577177	2
18.09642203190018	2
18.096885967223212	2
18.097346214007253	2
18.097802787714542	2
18.09825570381173	2
18.09870497776823	2
18.09915062505517	2
18.099592661148314	2
18.1000311015247	2
18.10046596166432	2
18.10089725705001	2
18.101325003166497	2
18.10174921550085	2
18.10216990954224	2
18.102587100781587	2
18.103000804712014	2
18.1034110368285	2
18.103817812627554	2
18.104221147606584	2
18.10462105726522	2
18.105017557104222	2
18.105410662625385	2
18.10580038933145	2
18.10618675272619	2
18.10656976831467	2
18.106949451601498	2
18.10732581809266	2
18.107698883293992	2
18.10806866271281	2
18.108435171855135	2
18.10879842622794	2
18.10915844133745	2
18.109515232690224	2
18.109868815792385	2
18.110219206149285	2
18.11056641926592	2
18.110910470646214	2
18.111251375793188	2
18.111589150209248	2
18.11192380939528	2
18.112255368850718	2
18.11258384407377	2
18.11290925056085	2
18.113231603806554	2
18.113550919304185	2
18.113867212543866	2
18.114180499014726	2
18.114490794202446	2
18.114798113591096	2
18.115102472661484	2
18.11540388689214	2
18.115702371757997	2
18.115997942731504	2
18.11629061528114	2
18.11658040487255	2
18.11686732696769	2
18.117151397024045	2
18.117432630496353	2
18.117711042834376	2
18.117986649484095	2
18.118259465886688	2
18.118529507479177	2
18.11879678969359	2
18.119061327956786	2
18.119323137691055	2
18.119582234313143	2
18.119838633234068	2
18.120092349859657	2
18.12034339958999	2
18.120591797818676	2
18.12083755993384	2
18.121080701316586	2
18.121321237341746	2
18.121559183377556	2
18.121794554785282	2
18.122027366919344	2
18.122257635126097	1
18.238965543203133	1
