# t	N(t)
9.228389201145147273e-06 1.000000000000000000e+03
2.233789878535106908e-05 1.000000000000000000e+03
4.434203136040369106e-05 1.000000000000000000e+03
8.952585279571038566e-05 1.000000000000000000e+03
1.511816897977270369e-04 1.000000000000000000e+03
2.395597167284439842e-04 1.000000000000000000e+03
3.875991259318832213e-04 1.000000000000000000e+03
6.182881696508502663e-04 9.999951790633607516e+02
9.605519969108792860e-04 9.999636074376055603e+02
1.552389263790807062e-03 9.998995238095237710e+02
2.478734830260455237e-03 9.998296759202078192e+02
3.919095316076938972e-03 9.993534414039124840e+02
6.130809503595265400e-03 9.967480580124965854e+02
9.490259110911059004e-03 9.859428465143994345e+02
1.470832343332477768e-02 9.538020275904830214e+02
2.261204603748135505e-02 8.771687333286508874e+02
3.441953079058356763e-02 7.613098502621439820e+02
5.303796056510497875e-02 6.371496939515345730e+02
8.258891173295634935e-02 5.316772939032455270e+02
1.289834411442306594e-01 4.507383903264441756e+02
2.030569464715313577e-01 3.865179560757927675e+02
3.177805536720691437e-01 3.298472699737600919e+02
4.932132210890447510e-01 2.788255750737840231e+02
7.693103000921936996e-01 2.351006418226402843e+02
1.209496501750982222e+00 1.985270304403811963e+02
1.869891738152467342e+00 1.678735342115715525e+02
2.946775179699467007e+00 1.407951410460974273e+02
4.567157748671870188e+00 1.188627681607829629e+02
7.169769444187977570e+00 9.948856918479120282e+01
1.121139282942314352e+01 8.312523467516351161e+01
1.767476892014078516e+01 6.912107766824624377e+01
2.731098427658655936e+01 5.687841732050260646e+01
4.287709249774467679e+01 4.622034193440943284e+01
6.759038201294241333e+01 3.762360630441509812e+01
1.065098692551657962e+02 2.914427772314984821e+01
1.694972996713860027e+02 2.043022813459254650e+01
2.504005530397945734e+02 1.090631531733450466e+01
3.009911449184817798e+02 5.025679119655839244e+00
nan nan
nan nan
nan nan
nan nan
nan nan
nan nan
nan nan
nan nan
nan nan
nan nan
nan nan
nan nan
